42.456001, 989.541992, 26.718000
37.088001, 989.359009, 77.958000
44.773998, 987.895020, 23.363001
32.269001, 987.651001, 54.290001
38.063999, 988.687988, 40.992001
36.599998, 987.833984, 53.862999
38.917999, 990.945007, 49.592999
40.931000, 989.724976, 43.980999
37.332001, 989.176025, 48.983002
40.382000, 989.846985, 43.980999
38.063999, 988.687988, 57.035000
40.808998, 991.127991, 41.113998
38.979000, 990.091003, 48.433998
41.967999, 990.273987, 49.897999
38.430000, 988.627014, 49.166000
39.405998, 990.762024, 53.252998
40.382000, 989.664001, 45.811001
37.453999, 991.372009, 47.945999
39.528000, 990.456970, 49.043999
39.040001, 990.335022, 39.650002
37.942001, 989.786011, 53.985001
41.723999, 989.603027, 47.519001
38.125000, 988.992981, 46.481998
40.687000, 988.932007, 50.264000
37.698002, 988.505005, 38.551998
36.234001, 989.114990, 48.189999
40.808998, 989.846985, 48.799999
41.053001, 990.091003, 42.577999
38.735001, 989.297974, 52.643002
40.382000, 991.554993, 52.033001
38.856998, 988.322021, 51.667000
38.856998, 990.456970, 40.931000
38.856998, 990.273987, 51.362000
40.687000, 989.603027, 49.837002
37.758999, 990.700989, 52.338001
39.710999, 987.895020, 49.897999
36.904999, 990.518005, 55.875999
38.796001, 988.565979, 46.909000
38.796001, 991.432983, 55.144001
40.138000, 988.687988, 45.688999
39.710999, 991.737976, 52.338001
40.992001, 990.395996, 46.970001
40.564999, 988.017029, 54.839001
40.382000, 990.030029, 50.141998
40.138000, 989.114990, 51.118000
39.040001, 988.505005, 38.368999
37.453999, 990.883972, 45.201000
37.453999, 990.395996, 48.312000
39.589001, 991.921021, 53.436001
38.979000, 988.382996, 46.542999
40.625999, 990.091003, 57.706001
39.771999, 988.992981, 45.018002
39.771999, 988.870972, 48.494999
38.796001, 988.322021, 48.738998
39.161999, 989.176025, 50.202999
38.063999, 988.749023, 45.018002
40.869999, 988.565979, 59.230999
39.589001, 988.078003, 42.272999
39.405998, 989.297974, 58.560001
40.077000, 991.616028, 44.347000
40.077000, 990.213013, 59.292000
41.236000, 988.932007, 46.542999
37.271000, 989.664001, 57.950001
39.955002, 991.005981, 43.066002
38.125000, 989.359009, 54.655998
41.662998, 988.078003, 46.299000
40.504002, 991.859985, 57.278999
41.846001, 988.382996, 45.993999
37.453999, 991.067017, 51.300999
39.345001, 991.005981, 54.351002
41.907001, 988.687988, 56.791000
41.785000, 989.481018, 49.959000
38.979000, 988.322021, 53.436001
38.063999, 989.114990, 50.507999
37.881001, 988.200012, 53.557999
40.687000, 987.101990, 46.848000
36.722000, 990.091003, 59.414001
40.808998, 989.724976, 46.970001
40.320999, 989.297974, 55.754002
39.405998, 988.992981, 48.129002
36.844002, 990.456970, 54.290001
39.710999, 988.505005, 31.110001
36.294998, 991.616028, 50.995998
38.612999, 990.273987, 52.948002
40.077000, 990.518005, 48.373001
38.917999, 990.700989, 59.597000
39.284000, 990.213013, 46.299000
40.138000, 986.125977, 48.373001
38.735001, 990.640015, 51.910999
42.516998, 991.310974, 47.214001
38.307999, 989.419983, 52.154999
41.785000, 988.687988, 51.300999
39.101002, 990.030029, 44.957001
40.259998, 987.833984, 41.602001
39.955002, 990.091003, 48.433998
38.430000, 990.030029, 44.042000
38.796001, 989.603027, 58.376999
41.846001, 991.067017, 47.214001
38.856998, 991.005981, 40.931000
36.173000, 990.456970, 32.390999
39.101002, 988.687988, 43.737000
39.710999, 989.786011, 47.275002
36.844002, 989.176025, 47.030998
40.687000, 990.578979, 48.250999
38.979000, 988.870972, 50.751999
38.186001, 990.091003, 49.348999
37.820000, 988.443970, 39.161999
40.808998, 988.260986, 49.715000
40.382000, 991.250000, 47.884998
39.345001, 989.786011, 42.395000
39.101002, 988.932007, 55.509998
41.113998, 991.372009, 46.299000
40.259998, 990.700989, 62.464001
42.944000, 989.908020, 43.005001
39.345001, 987.955994, 48.922001
40.138000, 988.322021, 47.945999
38.002998, 989.846985, 47.824001
39.710999, 990.762024, 40.808998
39.710999, 987.955994, 46.542999
37.820000, 989.176025, 54.839001
39.345001, 991.554993, 46.909000
39.405998, 991.310974, 65.391998
40.259998, 991.554993, 39.161999
35.563000, 988.932007, 61.915001
41.785000, 989.968994, 39.650002
37.148998, 989.846985, 55.144001
40.443001, 990.151978, 41.113998
40.931000, 988.322021, 39.894001
36.539001, 989.846985, 63.683998
42.334000, 990.030029, 42.456001
36.844002, 988.505005, 51.667000
36.844002, 992.775024, 68.075996
42.090000, 989.603027, 38.063999
37.698002, 990.640015, 52.521000
39.101002, 991.432983, 44.652000
38.186001, 988.138977, 44.896000
38.368999, 988.932007, 49.410000
40.992001, 989.481018, 49.166000
38.551998, 986.004028, 53.375000
40.320999, 985.393982, 51.910999
35.929001, 985.760010, 47.030998
37.820000, 988.992981, 52.887001
37.820000, 993.934021, 31.354000
37.027000, 992.348022, 55.021999
41.480000, 991.737976, 45.872002
39.771999, 990.640015, 41.662998
39.284000, 989.968994, 37.027000
37.453999, 989.359009, 45.323002
39.528000, 988.687988, 40.808998
39.223000, 989.603027, 43.919998
39.223000, 988.138977, 46.299000
40.382000, 988.200012, 42.456001
40.382000, 990.395996, 39.771999
38.063999, 990.822998, 50.691002
38.125000, 990.030029, 39.040001
39.833000, 990.335022, 52.154999
41.236000, 991.067017, 44.773998
38.491001, 991.310974, 38.917999
36.904999, 989.541992, 47.519001
38.186001, 987.711975, 46.542999
39.161999, 988.138977, 39.466999
36.478001, 987.895020, 57.340000
36.478001, 987.833984, 38.307999
36.355999, 989.664001, 36.173000
37.453999, 987.833984, 52.582001
39.466999, 989.481018, 41.358002
36.539001, 990.151978, 43.249001
38.186001, 991.737976, 45.262001
39.894001, 988.870972, 51.362000
39.894001, 989.664001, 35.563000
37.637001, 989.664001, 49.897999
40.687000, 990.578979, 43.188000
38.247002, 988.627014, 54.839001
39.894001, 990.213013, 49.227001
39.710999, 989.724976, 38.735001
37.148998, 989.237000, 49.653999
38.735001, 989.359009, 42.761002
36.417000, 989.664001, 54.229000
36.904999, 988.687988, 44.957001
36.539001, 992.408997, 68.137001
43.737000, 991.189026, 37.332001
34.952999, 989.603027, 54.290001
40.138000, 988.749023, 54.473000
38.186001, 987.590027, 58.255001
40.931000, 988.138977, 45.018002
37.637001, 990.395996, 56.486000
40.015999, 990.273987, 35.929001
35.563000, 989.846985, 42.516998
38.796001, 990.578979, 50.386002
38.491001, 989.481018, 37.209999
35.136002, 992.835999, 56.912998
35.136002, 989.359009, 35.014000
37.514999, 990.822998, 52.582001
41.297001, 988.505005, 42.456001
37.698002, 989.541992, 52.216000
38.979000, 989.481018, 49.653999
39.833000, 990.822998, 49.897999
39.161999, 988.443970, 42.090000
39.405998, 990.151978, 56.547001
39.894001, 988.932007, 39.040001
39.894001, 988.443970, 52.277000
40.199001, 989.481018, 39.955002
38.307999, 989.603027, 42.090000
37.758999, 989.786011, 48.983002
37.758999, 989.786011, 54.351002
38.735001, 991.127991, 53.618999
39.223000, 989.359009, 44.042000
38.430000, 989.908020, 50.446999
39.466999, 991.981995, 44.164001
39.161999, 989.359009, 50.630001
36.904999, 989.664001, 40.259998
38.796001, 990.456970, 51.972000
39.771999, 988.992981, 39.894001
38.796001, 987.590027, 48.189999
38.796001, 989.481018, 60.146000
41.418999, 989.114990, 52.033001
38.430000, 988.565979, 47.335999
38.430000, 990.151978, 55.327000
40.687000, 988.565979, 39.101002
36.173000, 988.138977, 42.882999
38.551998, 988.443970, 53.985001
38.551998, 986.736023, 45.688999
38.979000, 990.700989, 56.242001
41.480000, 986.614014, 49.592999
38.125000, 988.565979, 40.320999
38.125000, 988.565979, 54.167999
41.297001, 987.406982, 44.164001
38.368999, 989.176025, 54.716999
39.955002, 987.711975, 50.264000
39.345001, 988.443970, 43.675999
38.368999, 988.749023, 48.312000
36.966000, 988.078003, 53.436001
40.320999, 989.297974, 42.334000
40.564999, 991.372009, 45.872002
40.199001, 988.749023, 50.081001
39.466999, 990.030029, 41.723999
37.209999, 991.005981, 47.396999
40.015999, 989.968994, 48.189999
38.307999, 990.640015, 52.887001
40.077000, 989.541992, 50.751999
38.796001, 991.432983, 53.008999
39.894001, 987.468018, 43.919998
38.551998, 989.297974, 46.481998
39.345001, 989.114990, 49.532001
39.223000, 990.395996, 55.205002
40.808998, 991.310974, 44.408001
38.307999, 992.469971, 53.131001
41.358002, 989.054016, 41.967999
39.101002, 988.138977, 49.592999
39.771999, 989.968994, 50.691002
39.589001, 990.762024, 45.018002
39.589001, 989.724976, 51.300999
41.053001, 987.833984, 44.957001
38.612999, 989.664001, 43.310001
36.355999, 990.091003, 48.617001
38.796001, 987.468018, 48.738998
36.904999, 989.908020, 44.896000
41.236000, 990.518005, 52.033001
40.259998, 990.151978, 52.826000
38.917999, 989.297974, 45.750000
39.405998, 990.213013, 41.662998
37.637001, 988.322021, 48.007000
38.979000, 990.030029, 48.861000
37.637001, 989.603027, 48.433998
38.674000, 989.664001, 46.237999
35.806999, 989.237000, 45.872002
35.806999, 988.138977, 49.532001
37.393002, 990.335022, 44.591000
39.771999, 989.724976, 46.604000
36.478001, 987.773010, 50.081001
37.698002, 990.030029, 38.612999
37.271000, 989.968994, 56.547001
39.345001, 988.443970, 37.393002
34.891998, 990.700989, 52.277000
38.735001, 988.200012, 44.773998
38.430000, 990.091003, 43.188000
37.820000, 989.846985, 46.116001
38.735001, 988.017029, 56.058998
36.355999, 988.138977, 39.284000
36.355999, 990.395996, 50.751999
36.355999, 991.067017, 43.615002
38.674000, 989.297974, 49.532001
38.125000, 991.189026, 41.236000
38.125000, 989.664001, 49.166000
40.748001, 990.091003, 42.516998
36.417000, 990.700989, 65.696999
39.589001, 989.481018, 36.417000
38.430000, 989.786011, 43.493000
37.027000, 987.955994, 48.861000
39.101002, 989.603027, 49.715000
40.199001, 990.091003, 45.078999
40.199001, 991.127991, 52.826000
39.101002, 990.945007, 45.932999
38.735001, 990.883972, 53.924000
38.856998, 989.603027, 55.144001
39.650002, 990.151978, 50.569000
40.199001, 989.297974, 57.766998
40.382000, 989.176025, 52.459999
37.576000, 991.189026, 50.325001
38.125000, 991.005981, 47.824001
39.528000, 988.932007, 50.202999
39.161999, 989.908020, 54.046001
38.491001, 989.846985, 44.285999
38.002998, 990.151978, 54.046001
38.186001, 989.846985, 42.395000
37.332001, 988.505005, 38.856998
36.417000, 989.968994, 46.421001
38.856998, 990.883972, 51.972000
40.077000, 989.968994, 49.043999
38.551998, 988.200012, 48.129002
38.551998, 989.359009, 48.556000
38.856998, 990.822998, 35.929001
37.514999, 990.762024, 48.433998
37.942001, 991.067017, 38.430000
37.942001, 990.640015, 64.111000
42.821999, 987.590027, 44.469002
42.821999, 988.017029, 49.227001
36.355999, 991.737976, 43.249001
39.345001, 990.395996, 60.877998
41.358002, 988.260986, 35.319000
37.576000, 987.346008, 55.327000
41.236000, 990.578979, 50.325001
40.808998, 991.372009, 46.542999
38.307999, 989.664001, 49.532001
38.917999, 990.700989, 51.118000
37.758999, 990.518005, 42.516998
37.332001, 987.590027, 46.604000
40.687000, 987.651001, 47.458000
35.929001, 990.335022, 44.042000
40.382000, 990.213013, 58.865002
38.307999, 988.992981, 36.904999
37.148998, 989.237000, 48.738998
37.148998, 991.859985, 47.945999
37.514999, 989.786011, 47.702000
37.698002, 990.456970, 37.148998
36.539001, 989.419983, 42.456001
38.002998, 990.273987, 47.458000
39.101002, 989.603027, 46.299000
39.589001, 990.822998, 52.521000
39.955002, 989.054016, 59.658001
40.564999, 989.541992, 42.456001
38.247002, 991.677002, 49.166000
39.833000, 989.176025, 47.458000
39.833000, 990.883972, 40.687000
39.833000, 993.567993, 47.214001
40.992001, 990.151978, 48.312000
39.161999, 990.395996, 46.237999
36.844002, 991.677002, 51.179001
39.710999, 990.700989, 44.224998
37.758999, 994.909973, 49.837002
39.040001, 991.250000, 37.942001
37.881001, 991.677002, 52.582001
37.576000, 992.164978, 46.421001
38.674000, 991.799011, 48.007000
40.564999, 990.883972, 52.154999
39.650002, 988.992981, 49.653999
38.368999, 990.700989, 46.665001
39.894001, 990.578979, 53.741001
41.418999, 991.189026, 59.779999
38.979000, 989.481018, 42.639000
37.758999, 989.114990, 44.224998
39.345001, 991.554993, 40.748001
37.698002, 991.067017, 49.410000
38.735001, 990.518005, 52.643002
39.466999, 989.968994, 44.285999
38.247002, 990.213013, 46.299000
40.748001, 990.518005, 45.018002
38.674000, 988.870972, 48.799999
37.271000, 989.968994, 43.859001
37.576000, 988.382996, 52.154999
38.796001, 988.627014, 44.652000
37.758999, 988.565979, 50.081001
39.955002, 988.932007, 44.103001
39.101002, 989.176025, 49.471001
39.650002, 990.213013, 43.310001
39.161999, 987.895020, 53.801998
41.297001, 988.870972, 49.471001
38.063999, 989.786011, 53.680000
38.125000, 989.786011, 44.773998
39.284000, 990.700989, 51.849998
40.443001, 991.250000, 39.650002
38.307999, 992.104004, 57.645000
40.320999, 991.799011, 35.075001
38.430000, 990.762024, 52.094002
38.247002, 990.030029, 44.896000
38.247002, 990.213013, 45.627998
38.735001, 989.724976, 42.516998
40.382000, 988.017029, 51.423000
38.551998, 989.114990, 50.507999
40.443001, 988.749023, 44.164001
38.735001, 988.870972, 46.604000
40.320999, 990.213013, 53.862999
38.612999, 989.724976, 44.469002
40.015999, 988.565979, 51.972000
39.101002, 990.091003, 42.456001
36.539001, 989.359009, 51.544998
39.710999, 990.883972, 45.932999
41.358002, 990.883972, 49.592999
38.674000, 991.372009, 44.408001
39.101002, 990.883972, 50.691002
38.491001, 990.700989, 41.662998
38.430000, 988.565979, 56.668999
38.430000, 989.846985, 37.942001
40.199001, 990.091003, 50.691002
38.491001, 990.395996, 45.872002
37.698002, 992.348022, 45.872002
38.491001, 989.664001, 52.703999
39.040001, 988.870972, 46.360001
40.015999, 991.372009, 47.396999
37.758999, 989.908020, 51.728001
38.125000, 987.346008, 41.480000
39.894001, 991.067017, 43.370998
39.894001, 989.664001, 44.591000
38.917999, 988.382996, 61.671001
41.358002, 989.968994, 38.307999
38.368999, 990.395996, 52.094002
39.284000, 990.578979, 45.078999
39.284000, 989.846985, 54.351002
38.674000, 990.700989, 37.576000
37.942001, 989.359009, 55.509998
40.869999, 991.494019, 38.917999
37.453999, 990.578979, 50.691002
38.186001, 989.541992, 48.373001
38.186001, 990.151978, 49.837002
36.539001, 988.260986, 47.519001
41.358002, 989.846985, 49.959000
37.758999, 988.932007, 42.700001
38.063999, 990.091003, 57.157001
46.116001, 990.030029, 51.910999
38.247002, 988.078003, 43.798000
40.504002, 987.833984, 48.494999
37.514999, 988.078003, 56.912998
39.345001, 988.687988, 45.018002
37.820000, 990.518005, 55.327000
41.846001, 990.273987, 36.234001
38.186001, 990.091003, 44.591000
35.806999, 991.127991, 55.388000
41.174999, 989.176025, 35.196999
37.514999, 990.883972, 48.617001
37.514999, 990.213013, 48.738998
41.418999, 991.005981, 59.292000
37.881001, 989.908020, 39.040001
37.881001, 989.846985, 57.278999
43.859001, 990.822998, 41.662998
37.820000, 991.737976, 56.242001
40.077000, 993.263000, 53.680000
40.443001, 992.775024, 43.615002
36.417000, 991.677002, 44.042000
37.758999, 991.677002, 55.205002
40.443001, 988.870972, 42.395000
36.355999, 989.054016, 48.983002
37.698002, 986.614014, 52.643002
40.992001, 989.297974, 48.922001
39.101002, 990.822998, 44.103001
40.443001, 990.030029, 50.020000
37.332001, 991.067017, 46.421001
40.687000, 989.481018, 56.791000
39.040001, 991.981995, 51.056999
39.040001, 992.591980, 46.055000
37.209999, 990.945007, 45.993999
37.637001, 990.151978, 43.859001
39.894001, 988.505005, 49.837002
39.223000, 987.651001, 46.848000
37.514999, 988.749023, 49.837002
38.735001, 988.200012, 48.494999
38.917999, 988.870972, 47.884998
36.173000, 992.469971, 54.290001
36.173000, 989.968994, 54.595001
37.820000, 992.043030, 55.144001
41.236000, 990.883972, 44.529999
37.942001, 991.494019, 37.881001
37.637001, 988.749023, 48.494999
38.551998, 989.786011, 53.192001
39.345001, 988.687988, 49.043999
39.040001, 988.687988, 41.907001
39.040001, 988.992981, 53.131001
38.796001, 991.127991, 44.042000
38.674000, 989.419983, 50.081001
40.077000, 990.822998, 47.396999
37.881001, 988.322021, 47.945999
37.881001, 988.687988, 52.277000
36.904999, 990.213013, 51.362000
38.186001, 988.749023, 47.824001
39.771999, 991.677002, 47.824001
38.430000, 989.664001, 47.458000
38.430000, 989.908020, 47.884998
37.453999, 991.554993, 43.005001
38.796001, 991.494019, 53.741001
39.955002, 991.737976, 53.862999
39.710999, 992.591980, 47.275002
39.466999, 989.359009, 57.522999
39.040001, 990.822998, 54.716999
41.297001, 988.382996, 55.937000
38.491001, 990.700989, 33.062000
36.234001, 991.616028, 57.217999
41.053001, 990.762024, 43.919998
41.053001, 990.091003, 52.459999
38.491001, 988.932007, 48.617001
39.161999, 990.273987, 49.287998
38.186001, 989.176025, 50.264000
40.199001, 988.992981, 45.139999
38.186001, 988.932007, 52.154999
37.576000, 991.189026, 50.630001
38.430000, 989.724976, 47.275002
36.904999, 989.481018, 43.615002
38.063999, 988.932007, 54.167999
40.869999, 990.273987, 52.643002
39.284000, 989.054016, 44.285999
38.796001, 990.030029, 48.129002
39.955002, 990.822998, 47.030998
37.332001, 989.481018, 46.909000
38.612999, 991.250000, 54.534000
41.541000, 989.419983, 49.166000
40.015999, 989.114990, 43.675999
38.856998, 989.359009, 48.983002
39.161999, 990.335022, 42.577999
38.430000, 990.518005, 50.813000
37.881001, 989.908020, 43.737000
36.783001, 991.494019, 49.959000
36.783001, 988.505005, 47.214001
39.466999, 990.395996, 56.547001
39.345001, 989.908020, 59.353001
39.771999, 990.335022, 45.078999
39.771999, 988.809998, 50.141998
39.345001, 987.895020, 48.617001
37.942001, 988.687988, 53.741001
37.942001, 991.067017, 48.068001
38.796001, 990.335022, 59.658001
38.674000, 988.749023, 51.179001
39.528000, 990.091003, 54.778000
39.284000, 990.518005, 40.443001
37.576000, 988.749023, 49.348999
37.453999, 987.773010, 63.439999
39.650002, 987.406982, 30.561001
35.319000, 989.114990, 57.278999
42.151001, 988.382996, 47.091999
38.491001, 989.359009, 49.105000
36.783001, 991.494019, 55.570999
40.931000, 990.335022, 38.796001
35.990002, 992.958008, 53.008999
37.576000, 992.226013, 55.875999
41.480000, 990.091003, 58.743000
35.685001, 991.372009, 58.194000
41.541000, 987.773010, 31.659000
35.196999, 990.578979, 63.379002
39.345001, 988.687988, 42.456001
39.345001, 988.870972, 42.151001
37.088001, 989.664001, 63.439999
43.431999, 990.335022, 61.061001
38.186001, 992.835999, 37.576000
37.088001, 992.043030, 63.013000
43.249001, 990.030029, 36.783001
35.380001, 990.945007, 53.008999
40.504002, 991.372009, 48.738998
38.856998, 988.687988, 52.703999
39.589001, 991.189026, 53.741001
40.687000, 989.786011, 48.433998
37.576000, 991.859985, 45.139999
37.576000, 989.786011, 47.519001
38.612999, 990.091003, 53.680000
39.650002, 989.176025, 55.205002
41.723999, 991.554993, 47.945999
38.551998, 989.603027, 42.577999
38.551998, 988.932007, 49.166000
39.710999, 992.958008, 49.105000
39.771999, 988.322021, 45.018002
39.771999, 989.541992, 47.396999
40.748001, 988.687988, 50.813000
37.514999, 989.419983, 46.055000
41.113998, 988.200012, 55.327000
39.955002, 989.664001, 48.007000
40.382000, 990.518005, 49.592999
38.430000, 989.968994, 51.179001
39.040001, 990.273987, 50.325001
38.674000, 990.151978, 67.709999
41.541000, 989.846985, 43.493000
38.674000, 990.213013, 51.910999
39.528000, 989.786011, 50.386002
39.284000, 988.932007, 56.668999
39.284000, 989.603027, 46.848000
37.942001, 989.481018, 54.473000
37.942001, 989.541992, 51.484001
40.199001, 989.359009, 49.471001
39.161999, 991.310974, 44.713001
37.881001, 990.213013, 56.852001
40.564999, 989.724976, 45.567001
40.748001, 990.578979, 51.423000
39.589001, 991.067017, 45.872002
36.539001, 991.921021, 53.801998
39.833000, 989.481018, 43.675999
38.186001, 989.786011, 49.715000
38.979000, 989.541992, 46.848000
39.405998, 990.335022, 48.738998
38.856998, 989.968994, 51.972000
37.820000, 989.908020, 46.726002
37.576000, 989.359009, 48.861000
40.259998, 990.273987, 42.700001
39.833000, 988.932007, 48.068001
38.002998, 990.578979, 51.484001
39.223000, 990.030029, 49.287998
38.551998, 990.822998, 52.948002
39.223000, 989.176025, 48.312000
37.576000, 988.749023, 55.205002
40.504002, 990.151978, 47.335999
38.979000, 991.005981, 53.680000
39.528000, 991.127991, 52.582001
37.576000, 990.456970, 54.534000
37.881001, 990.762024, 49.227001
38.430000, 989.846985, 57.827999
39.833000, 990.213013, 45.506001
39.833000, 988.322021, 50.386002
40.199001, 990.578979, 49.287998
39.040001, 990.030029, 47.519001
39.040001, 990.456970, 55.265999
41.297001, 991.677002, 46.604000
38.551998, 989.297974, 54.411999
39.528000, 991.432983, 42.456001
39.710999, 990.091003, 55.327000
39.771999, 989.359009, 41.418999
38.186001, 989.908020, 51.300999
38.979000, 990.091003, 48.007000
38.002998, 990.030029, 46.421001
38.917999, 991.921021, 63.134998
38.796001, 991.005981, 49.776001
39.161999, 990.518005, 52.703999
36.050999, 990.151978, 53.070000
38.551998, 991.067017, 51.423000
36.660999, 989.603027, 60.268002
38.856998, 990.640015, 52.764999
38.917999, 990.822998, 59.658001
39.771999, 988.870972, 45.262001
38.979000, 989.176025, 53.618999
38.796001, 990.395996, 51.544998
37.393002, 991.005981, 50.751999
38.002998, 989.419983, 48.312000
38.186001, 987.955994, 49.410000
39.589001, 989.419983, 46.421001
41.541000, 988.749023, 57.522999
40.443001, 990.762024, 52.216000
39.589001, 989.603027, 50.569000
39.101002, 990.273987, 45.567001
38.002998, 988.749023, 45.323002
40.382000, 991.554993, 51.605999
40.320999, 987.590027, 50.081001
37.453999, 990.762024, 45.993999
40.504002, 989.664001, 62.280998
39.955002, 990.518005, 51.484001
40.320999, 989.968994, 47.275002
40.259998, 988.749023, 51.179001
38.735001, 990.822998, 55.814999
38.856998, 987.406982, 49.837002
39.650002, 989.176025, 46.665001
39.771999, 990.640015, 47.945999
40.625999, 989.176025, 51.849998
39.161999, 989.846985, 43.919998
40.199001, 990.091003, 50.569000
38.247002, 991.005981, 47.580002
38.856998, 990.700989, 53.436001
40.869999, 990.578979, 45.932999
39.101002, 991.737976, 48.312000
40.320999, 991.067017, 54.411999
41.723999, 988.627014, 46.665001
41.785000, 990.091003, 55.021999
38.674000, 986.979980, 48.799999
38.368999, 989.419983, 51.972000
40.687000, 989.176025, 51.910999
39.710999, 989.054016, 54.778000
40.504002, 988.138977, 46.848000
40.504002, 988.200012, 51.789001
40.259998, 989.846985, 48.007000
40.382000, 990.395996, 55.937000
38.430000, 990.151978, 51.667000
38.856998, 990.335022, 54.960999
40.138000, 989.603027, 48.250999
39.223000, 987.346008, 52.948002
39.894001, 989.908020, 50.446999
40.808998, 989.359009, 52.703999
40.077000, 990.151978, 55.083000
41.174999, 990.030029, 55.754002
40.748001, 989.846985, 45.993999
39.771999, 990.640015, 59.414001
39.771999, 988.138977, 43.980999
39.405998, 991.921021, 48.068001
40.748001, 991.005981, 50.081001
37.758999, 990.273987, 57.584000
39.284000, 990.030029, 49.653999
41.480000, 990.335022, 53.252998
38.368999, 988.809998, 49.227001
41.053001, 990.151978, 49.776001
38.917999, 990.151978, 52.033001
41.541000, 989.176025, 48.189999
39.528000, 990.030029, 54.229000
39.771999, 988.138977, 50.630001
38.612999, 988.505005, 53.924000
38.612999, 991.372009, 50.935001
38.247002, 988.138977, 53.862999
40.687000, 989.664001, 51.423000
40.869999, 989.664001, 46.604000
40.138000, 990.335022, 52.582001
40.015999, 991.189026, 48.922001
37.758999, 990.578979, 54.595001
40.077000, 988.382996, 52.764999
40.077000, 989.114990, 50.020000
41.418999, 989.664001, 52.521000
39.528000, 989.419983, 54.351002
41.541000, 988.809998, 59.169998
41.174999, 986.979980, 44.896000
35.806999, 988.078003, 53.436001
42.639000, 990.030029, 57.584000
39.650002, 989.114990, 46.542999
37.027000, 989.237000, 55.265999
40.443001, 989.968994, 52.703999
37.881001, 990.213013, 56.181000
39.955002, 989.359009, 50.995998
39.955002, 990.335022, 57.889000
41.785000, 989.908020, 30.927000
42.028999, 991.677002, 56.119999
40.931000, 990.213013, 48.922001
38.063999, 989.237000, 69.112999
42.334000, 989.237000, 54.655998
43.431999, 990.518005, 51.362000
41.662998, 990.883972, 55.205002
41.053001, 989.176025, 54.351002
40.931000, 989.664001, 47.824001
36.722000, 989.664001, 57.522999
42.516998, 989.359009, 55.875999
39.650002, 989.054016, 51.605999
38.125000, 991.494019, 60.451000
41.358002, 988.200012, 53.192001
38.368999, 989.419983, 59.353001
40.382000, 989.724976, 48.983002
37.820000, 990.883972, 59.841000
41.053001, 988.992981, 50.325001
38.063999, 988.870972, 60.268002
38.063999, 986.431030, 51.728001
40.382000, 989.968994, 50.995998
40.625999, 988.749023, 57.217999
39.528000, 988.809998, 47.153000
38.612999, 990.395996, 50.630001
39.528000, 990.518005, 58.925999
40.138000, 988.749023, 53.131001
38.491001, 990.335022, 48.007000
39.040001, 988.260986, 58.865002
38.612999, 990.456970, 50.874001
38.002998, 988.565979, 64.721001
38.979000, 989.114990, 50.630001
37.942001, 987.223999, 56.424999
38.125000, 989.176025, 51.056999
39.161999, 992.286987, 58.804001

