-1.448736
-1.579776
-1.651770
-1.379115
-1.251977
-1.353916
-1.361698
-1.155238
-1.526781
-1.448663
-1.685754
-1.492101
-1.535578
-1.321201
-1.275468
-1.256747
-1.309878
-1.405187
-1.453501
-1.525677
-1.598408
-1.700117
-1.471999
-1.229389
-1.313455
-1.381564
-1.703083
-1.905028
-1.308781
-1.669847
-1.513559
-1.082588
-0.936145
-1.114252
-0.886438
-1.136848
-1.140587
-1.527572
-1.367358
-0.932501
-0.989371
-1.274787
-1.099519
-0.955398
-0.735078
-0.921962
-1.013062
-1.418716
-1.148266
-1.340506
-1.327036
-1.030331
-0.768277
-1.190911
-1.311989
-1.392999
-1.494062
-1.342801
-1.100031
-1.189928
-1.174201
-1.063362
-0.930334
-0.977225
-1.398096
-1.838608
-1.231799
-1.337111
-0.997734
-1.293620
-1.449046
-1.353940
-1.087642
-1.093642
-1.282365
-1.402710
-1.336928
-1.103413
-1.523953
-1.706694
-1.501482
-1.225049
-0.904304
-1.229705
-1.358590
-1.481436
-1.246372
-1.732728
-1.444588
-1.388091
-1.259068
-1.540480
-1.199630
-1.150823
-1.318269
-1.499427
-1.374779
-1.418145
-1.196867
-1.557964
-1.290020
-1.122679
-1.375375
-1.436595
-1.293032
-1.383108
-1.629686
-1.680223
-1.815985
-1.273547
-1.142396
-0.952764
-1.549324
-1.288880
-1.604818
-1.735961
-1.814520
-1.582548
-1.314636
-1.416312
-1.197126
-1.209353
-1.455126
-1.657777
-1.724207
-1.374020
-1.401063
-1.454705
-1.521076
-1.420832
-1.229556
-1.543914
-1.513451
-1.212092
-1.261499
-1.617955
-1.776998
-2.011690
-1.159383
-1.122960
-1.218303
-1.693766
-1.537552
-1.531633
-1.887530
-1.862761
-1.552104
-1.546093
-1.493459
-1.103708
-1.480959
-1.691335
-1.756513
-1.550505
-1.545139
-1.662665
-1.568879
-1.501428
-1.500513
-1.355587
-1.441279
-1.758193
-1.695742
-1.297633
-1.341633
-1.566081
-1.607422
-1.924633
-1.387764
-1.099613
-1.409061
-1.744131
-1.570186
-1.406013
-1.902163
-1.789713
-1.533189
-1.555716
-1.456021
-1.340817
-1.224289
-1.381703
-1.734305
-1.710017
-1.514609
-1.661342
-1.852979
-1.556920
-1.483579
-1.456870
-1.679752
-1.445512
-1.429049
-1.916202
-1.443122
-1.464765
-2.126055
-1.694276
-1.180321
-1.134731
-1.476213
-1.682531
-1.225422
-1.406843
-2.018025
-1.700650
-1.482926
-1.595450
-1.559952
-1.418514
-1.315160
-1.591315
-1.737315
-1.776284
-1.762393
-1.736198
-1.473089
-1.370342
-1.339978
-1.744557
-1.509575
-1.418373
-1.345909
-1.626359
-1.726040
-1.957775
-1.515965
-1.123095
-1.413147
-1.982005
-1.598518
-1.329821
-2.194436
-1.747773
-1.615980
-1.604128
-1.782048
-1.479890
-1.192405
-1.767078
-1.823933
-1.859210
-1.634009
-1.576816
-1.673663
-1.559540
-1.412506
-1.490171
-1.766919
-1.975637
-1.561457
-1.685069
-1.669827
-1.739079
-2.144999
-1.677145
-1.382602
-1.231721
-1.656131
-1.503417
-1.602340
-1.723798
-1.793130
-2.036137
-1.531526
-1.604540
-1.575943
-0.954170
-1.240723
-2.004856
-1.961018
-1.673768
-1.890712
-1.758925
-1.661094
-1.578244
-1.413991
-1.663006
-1.806285
-1.627515
-1.800777
-1.583751
-1.665783
-1.820472
-1.321629
-1.280690
-1.103207
-1.601313
-1.734166
-1.246927
-1.807227
-1.640178
-1.662645
-1.495506
-1.525257
-1.580428
-1.431982
-1.652393
-1.541966
-1.363365
-1.576940
-1.757837
-1.641193
-1.531237
-1.560892
-1.578397
-1.499494
-1.523417
-1.542338
-1.251072
-1.448937
-1.677324
-2.001405
-1.888721
-1.067885
-1.050854
-1.755186
-1.900814
-1.443628
-1.631157
-1.818039
-1.913727
-1.787046
-1.633321
-1.609429
-1.535493
-1.315171
-1.817794
-1.641862
-1.797439
-1.729960
-1.461441
-1.618183
-1.433623
-1.462557
-1.432847
-1.669923
-1.637612
-1.642642
-1.383153
-1.384129
-1.840551
-1.941379
-1.902089
-1.854610
-1.484179
-1.050187
-1.531320
-1.833622
-1.811553
-1.523888
-1.776875
-1.795265
-1.746254
-1.474240
-1.562185
-1.731635
-1.505347
-1.680413
-1.650382
-1.854259
-1.584493
-1.557381
-1.611802
-1.587753
-1.493219
-1.581851
-1.570604
-1.313911
-1.597911
-1.463538
-1.981743
-1.776083
-1.792449
-1.043710
-1.196854
-1.617551
-1.215793
-1.375527
-1.849025
-1.957376
-1.589457
-1.534541
-1.315279
-1.206633
-1.232483
-1.544356
-1.704989
-1.397040
-1.737858
-1.547467
-1.572693
-1.508266
-1.530003
-1.537066
-1.376770
-1.254140
-1.525948
-1.373916
-1.673898
-2.093309
-1.377548
-0.909125
-1.308355
-2.198089
-1.598711
-1.383114
-1.631524
-1.875485
-1.778974
-1.716253
-1.831063
-1.247898
-1.317286
-1.887520
-1.856419
-2.262204
-1.800811
-1.261262
-1.367836
-1.223179
-1.466794
-1.931388
-1.495538
-1.721722
-1.600905
-1.405529
-1.479971
-1.687214
-1.863811
-2.050977
-2.382935
-1.859291
-1.373427
-1.518306
-1.737739
-1.825525
-1.665958
-1.559786
-2.177574
-1.972019
-1.494247
-2.041064
-1.682996
-1.512219
-1.641469
-1.886268
-1.929548
-1.781352
-1.694362
-1.889267
-1.524231
-1.802171
-1.975069
-2.045363
-1.757560
-1.840117
-2.330293
-1.863210
-1.885027
-1.795409
-1.784394
-1.898038
-2.472754
-2.604350
-1.631978
-1.368734
-1.807676
-1.733097
-1.627060
-1.946057
-2.139523
-2.194734
-1.876112
-1.965180
-1.615003
-1.503482
-1.607744
-1.999277
-1.666859
-1.950329
-2.022370
-2.087802
-1.898114
-1.546384
-1.448702
-1.746829
-1.800329
-1.844082
-1.820990
-2.118207
-2.219301
-1.694325
-1.233913
-1.552598
-2.104862
-2.007844
-1.776501
-2.012569
-2.152900
-1.628470
-1.857750
-1.807800
-1.803633
-1.821185
-1.875670

