-0.299565
-0.283719
-0.326441
-0.319840
-0.242668
-0.334590
-0.407847
-0.303804
-0.183980
-0.201134
-0.327861
-0.293013
-0.272141
-0.354113
-0.180506
-0.382195
-0.226994
-0.198787
-0.261822
-0.225081
-0.260701
-0.191963
-0.276294
-0.299068
-0.254028
-0.294987
-0.335722
-0.215404
-0.193728
-0.263548
-0.239439
-0.303172
-0.286430
-0.320210
-0.331207
-0.264825
-0.362262
-0.257927
-0.194948
-0.357921
-0.352107
-0.304636
-0.334281
-0.218980
-0.311684
-0.355225
-0.395486
-0.338467
-0.266809
-0.353391
-0.481923
-0.274498
-0.235604
-0.340913
-0.384743
-0.276893
-0.189211
-0.320717
-0.328171
-0.277968
-0.314292
-0.162557
-0.299908
-0.253342
-0.368546
-0.343437
-0.339044
-0.162102
-0.328445
-0.316596
-0.292505
-0.338908
-0.265426
-0.313682
-0.307935
-0.314605
-0.321759
-0.359203
-0.338194
-0.324166
-0.251611
-0.315032
-0.282862
-0.342660
-0.278333
-0.317380
-0.261005
-0.273038
-0.220260
-0.300744
-0.307673
-0.293177
-0.227257
-0.304476
-0.283048
-0.331712
-0.298737
-0.408961
-0.328607
-0.303487
-0.285542
-0.339534
-0.281176
-0.331477
-0.332826
-0.243663
-0.229400
-0.316993
-0.204493
-0.345960
-0.257517
-0.303226
-0.310021
-0.395994
-0.323639
-0.330862
-0.360522
-0.239469
-0.306179
-0.305181
-0.278917
-0.345182
-0.295200
-0.384285
-0.317956
-0.359470
-0.250835
-0.219018
-0.398488
-0.250784
-0.293483
-0.256507
-0.199507
-0.299957
-0.257291
-0.261816
-0.275865
-0.385293
-0.367611
-0.359308
-0.353384
-0.335800
-0.300433
-0.254345
-0.299143
-0.273621
-0.281637
-0.272069
-0.295915
-0.210879
-0.245914
-0.315287
-0.354641
-0.313336
-0.286267
-0.406870
-0.293319
-0.304189
-0.272838
-0.375893
-0.350842
-0.230099
-0.278128
-0.349151
-0.321433
-0.285581
-0.289601
-0.378465
-0.309495
-0.268581
-0.368567
-0.321364
-0.276110
-0.216698
-0.344912
-0.337851
-0.365237
-0.326447
-0.302999
-0.239663
-0.247045
-0.337952
-0.296525
-0.240554
-0.251041
-0.423677
-0.256073
-0.285554
-0.230123
-0.310247
-0.335456
-0.366960
-0.166759
-0.258878
-0.293805
-0.310818
-0.262012
-0.154714
-0.321135
-0.332889
-0.275218
-0.432103
-0.355561
-0.419971
-0.278773
-0.365729
-0.289630
-0.212770
-0.385973
-0.308041
-0.215725
-0.303829
-0.255877
-0.302816
-0.303047
-0.292522
-0.158674
-0.311629
-0.234213
-0.451758
-0.250849
-0.313010
-0.342902
-0.306653
-0.219181
-0.364162
-0.309596
-0.319748
-0.276232
-0.200955
-0.321551
-0.166017
-0.292793
-0.244105
-0.267964
-0.261075
-0.303268
-0.327518
-0.328580
-0.276673
-0.269637
-0.383385
-0.190917
-0.239552
-0.285444
-0.275266
-0.250258
-0.264226
-0.244863
-0.314578
-0.312261
-0.313816
-0.283010
-0.281880
-0.268672
-0.346514
-0.345771
-0.374381
-0.300813
-0.331016
-0.203784
-0.272239
-0.281695
-0.299745
-0.262305
-0.260985
-0.416409
-0.243525
-0.288843
-0.147686
-0.309968
-0.351213
-0.294387
-0.303079
-0.324907
-0.180263
-0.325210
-0.269743
-0.265364
-0.212558
-0.287939
-0.282330
-0.345876
-0.273860
-0.116221
-0.355975
-0.271005
-0.249070
-0.383446
-0.234572
-0.383383
-0.260836
-0.279296
-0.271512
-0.252645
-0.349186
-0.300306
-0.219309
-0.227139
-0.299332
-0.425050
-0.219656
-0.318209
-0.283642
-0.320878
-0.248472
-0.204790
-0.243138
-0.295129
-0.292325
-0.262012
-0.264003
-0.372899
-0.249065
-0.235662
-0.343813
-0.241957
-0.295477
-0.337814
-0.272531
-0.236186
-0.253655
-0.198195
-0.265809
-0.296929
-0.208412
-0.317495
-0.261434
-0.274471
-0.320602
-0.344176
-0.303993
-0.283042
-0.356607
-0.292990
-0.315042
-0.332439
-0.293891
-0.213806
-0.244208
-0.241661
-0.276755
-0.235239
-0.308014
-0.314967
-0.239664
-0.222106
-0.436620
-0.173104
-0.218208
-0.355868
-0.298707
-0.301127
-0.315220
-0.316572
-0.302655
-0.203594
-0.317452
-0.272584
-0.332952
-0.389556
-0.232114
-0.158716
-0.334595
-0.367467
-0.205110
-0.298983
-0.338359
-0.262098
-0.214922
-0.292495
-0.353280
-0.282763
-0.327762
-0.268193
-0.366268
-0.284867
-0.352503
-0.384322
-0.212130
-0.310926
-0.324415
-0.309837
-0.319932
-0.292181
-0.173100
-0.217829
-0.222482
-0.289196
-0.253945
-0.265564
-0.283199
-0.399101
-0.228432
-0.209026
-0.219178
-0.296442
-0.282720
-0.360101
-0.196394
-0.258156
-0.212464
-0.387124
-0.249368
-0.190872
-0.359101
-0.341145
-0.230125
-0.197918
-0.323564
-0.332491
-0.317702
-0.256874
-0.255233
-0.170174
-0.310934
-0.334183
-0.212634
-0.218374
-0.256654
-0.350526
-0.275575
-0.304524
-0.293981
-0.312847
-0.400052
-0.236408
-0.370485
-0.342226
-0.364179
-0.342970
-0.289668
-0.299079
-0.232886
-0.269550
-0.373273
-0.254217
-0.346923
-0.211422
-0.310611
-0.353451
-0.367441
-0.274516
-0.268775
-0.190903
-0.338674
-0.256142
-0.366861
-0.348052
-0.232145
-0.247108
-0.282943
-0.409513
-0.358054
-0.265946
-0.311232
-0.317819
-0.331143
-0.272766
-0.329107
-0.380209
-0.334418
-0.327684
-0.359865
-0.310693
-0.190167
-0.306262
-0.319794
-0.429776
-0.361532
-0.379393
-0.308873
-0.281901
-0.320533
-0.331211
-0.374903
-0.289113
-0.336272
-0.337174
-0.412413
-0.345811
-0.262747
-0.344478
-0.243036
-0.246933
-0.282641
-0.354109
-0.231277
-0.363214
-0.358931
-0.205182
-0.368313
-0.359920
-0.329749
-0.274535
-0.391069
-0.279427
-0.286398
-0.373524
-0.296031
-0.360032
-0.217946
-0.281120
-0.284095
-0.294265
-0.285219
-0.282108
-0.256707
-0.292554
-0.265772
-0.209430
-0.335917
-0.332814
-0.274726
-0.274136
-0.289049
-0.248239
-0.327164
-0.295332
-0.306422
-0.384385
-0.321179
-0.249857
-0.292927
-0.397010
-0.296592
-0.235311
-0.187443
-0.395264
-0.278538
-0.255057
-0.317890
-0.180098
-0.320995
-0.358882
-0.290881
-0.317517
-0.342709
-0.292117
-0.325394
-0.342958
-0.313806
-0.342350
-0.321271
-0.261297
-0.260595
-0.381323
-0.372134
-0.351080
-0.272708
-0.239278
-0.349617
-0.292298
-0.277467
-0.298693
-0.363827
-0.328634
-0.225312
-0.279695
-0.238719
-0.283962
-0.347460
-0.238426
-0.241218
-0.296943
-0.353403
-0.146090
-0.300357
-0.221801
-0.320763
-0.306484
-0.218718
-0.399551
-0.305497
-0.345317
-0.256076
-0.346781
-0.298912
-0.343406
-0.243387
-0.211924
-0.311343
-0.241635
-0.333873
-0.266230
-0.292456
-0.394591
-0.292407
-0.318303
-0.307448
-0.321435
-0.306957
-0.307904
-0.286336
-0.210387
-0.315344
-0.330967
-0.355254
-0.364552
-0.286224
-0.338698
-0.356656
-0.246454
-0.308468
-0.254375
-0.285184
-0.276166
-0.308686
-0.314334
-0.237754
-0.207365
-0.318166
-0.242353
-0.288685
-0.263273
-0.345253
-0.274233
-0.319227
-0.327457
-0.282011
-0.305460
-0.296366
-0.343907
-0.412024
-0.201620
-0.443035
-0.238329
-0.341913
-0.200639
-0.230016
-0.317101
-0.274434
-0.368458
-0.360243
-0.299364
-0.289683
-0.306174
-0.221460
-0.439553
-0.327336
-0.211159
-0.165601
-0.303194

