22.183598, 5.951696
21.890629, 9.645227
23.648441, 12.579263
22.769535, 14.570478
23.355473, 16.205860
23.355473, 17.492682
23.648441, 18.574949
23.648441, 19.452515
23.648441, 20.170109
23.648441, 20.760313
23.062504, 21.148817
23.355473, 21.519787
24.234379, 21.974943
23.648441, 22.255026
23.941410, 22.536905
23.648441, 22.722534
23.062504, 22.779276
23.062504, 22.826527
23.355473, 22.914743
23.355473, 22.988234
23.941410, 23.147148
23.355473, 23.181877
23.062504, 23.161978
23.355473, 23.194231
22.476566, 23.074612
23.941410, 23.219086
23.941410, 23.339478
23.648441, 23.390972
23.355473, 23.385056
23.941410, 23.477783
23.648441, 23.506226
24.234379, 23.627584
23.648441, 23.631062
23.648441, 23.633959
23.355473, 23.587543
23.648441, 23.597692
22.769535, 23.459665
23.062504, 23.393471
23.062504, 23.338310
24.234379, 23.487656
23.941410, 23.563282
23.355473, 23.528646
23.355473, 23.499784
23.941410, 23.573389
23.355473, 23.537069
23.648441, 23.555632
23.648441, 23.571100
23.648441, 23.583990
23.648441, 23.594732
23.648441, 23.603683
23.648441, 23.611143
23.355473, 23.568531
23.648441, 23.581850
24.234379, 23.690605
23.648441, 23.683578
23.648441, 23.677723
23.355473, 23.624014
23.648441, 23.628086
24.820316, 23.826792
23.648441, 23.797066
23.355473, 23.723467
23.355473, 23.662134
23.941410, 23.708681
22.476566, 23.503328
24.234379, 23.625170
22.476566, 23.433735
23.648441, 23.469519
23.648441, 23.499340
23.355473, 23.475363
23.941410, 23.553038
23.648441, 23.568939
24.234379, 23.679846
23.648441, 23.674612
23.355473, 23.621422
23.648441, 23.625925
23.648441, 23.629679
23.355473, 23.583977
23.648441, 23.594721
23.355473, 23.554846
24.234379, 23.668102
23.648441, 23.664825
23.648441, 23.662094
23.648441, 23.659819
23.941410, 23.706751
23.355473, 23.648205
23.355473, 23.599417
24.234379, 23.705244
23.648441, 23.695776
23.941410, 23.736715
23.648441, 23.722002
23.355473, 23.660913
23.941410, 23.707663
23.941410, 23.746620
23.648441, 23.730257
23.062504, 23.618965
23.941410, 23.672707
23.941410, 23.717491
23.941410, 23.754810
23.648441, 23.737082
23.648441, 23.722307
23.062504, 23.612339
24.234379, 23.716013
23.355473, 23.655922
24.527348, 23.801159
22.476566, 23.580393
23.062504, 23.494078
23.648441, 23.519806
23.648441, 23.541245
23.648441, 23.559111
23.648441, 23.573999
24.234379, 23.684063
23.648441, 23.678125
23.648441, 23.673178
23.648441, 23.669054
23.648441, 23.665619
23.355473, 23.613928
23.648441, 23.619680
23.941410, 23.673302
23.941410, 23.717987
23.941410, 23.755224
23.062504, 23.639771
24.234379, 23.738873
24.234379, 23.821457
23.648441, 23.792622
24.234379, 23.866247
23.941410, 23.878775
23.355473, 23.791557
23.648441, 23.767704
23.941410, 23.796656
23.941410, 23.820782
23.941410, 23.840887
23.941410, 23.857641
24.234379, 23.920431
23.648441, 23.875099
23.941410, 23.886150
23.648441, 23.846533
24.527348, 23.960003
23.355473, 23.859247
23.355473, 23.775284
23.355473, 23.705315
23.355473, 23.647007
23.648441, 23.647245
24.234379, 23.745102
24.234379, 23.826649
23.355473, 23.748119
23.648441, 23.731506
23.941410, 23.766491
24.820316, 23.942129
23.648441, 23.893181
23.941410, 23.901218
24.234379, 23.956745
23.355473, 23.856533
23.941410, 23.870680
23.941410, 23.882469
24.527348, 23.989948
23.648441, 23.933031
24.820316, 24.080912
23.648441, 24.008833
23.648441, 23.948767
23.355473, 23.849884
24.527348, 23.962795
23.941410, 23.959230
23.648441, 23.907433
23.941410, 23.913095
24.820316, 24.064299
23.648441, 23.994989
23.648441, 23.937231
23.355473, 23.840271
23.062504, 23.710644
23.648441, 23.700277
23.941410, 23.740467
23.941410, 23.773958
23.941410, 23.801867
24.234379, 23.873953
23.941410, 23.885197
24.234379, 23.943394
23.355473, 23.845407
23.648441, 23.812580
23.648441, 23.785223
24.820316, 23.957739
23.648441, 23.906189
24.234379, 23.960888
24.234379, 24.006470
23.648441, 23.946798
23.648441, 23.897072
23.941410, 23.904461
23.941410, 23.910620
24.527348, 24.013409
23.648441, 23.952581
23.062504, 23.804235
23.648441, 23.778269
23.355473, 23.707802
23.941410, 23.746737
24.820316, 23.925667
24.234379, 23.977119
23.648441, 23.922340
24.234379, 23.974346
24.234379, 24.017685
24.234379, 24.053801
24.234379, 24.083897
23.941410, 24.060148
24.234379, 24.089188
23.062504, 23.918074
23.941410, 23.921963
23.941410, 23.925203
23.648441, 23.879076
23.062504, 23.742981
23.648441, 23.727224
24.527348, 23.860579
23.355473, 23.776394
24.527348, 23.901552
24.234379, 23.957024
23.941410, 23.954422
23.355473, 23.854597
24.234379, 23.917894
23.062504, 23.775330
24.234379, 23.851837
24.234379, 23.915594
23.648441, 23.871069
23.941410, 23.882793
23.355473, 23.794907
23.941410, 23.819324
24.234379, 23.888500
24.234379, 23.946146
24.234379, 23.994184
23.941410, 23.985388
24.820316, 24.124542
23.062504, 23.947536
23.941410, 23.946516
24.820316, 24.092150
23.648441, 24.018198
24.234379, 24.054228
24.234379, 24.084253
24.527348, 24.158102
23.355473, 24.024330
25.113285, 24.205822
24.234379, 24.210581
23.941410, 24.165718
24.234379, 24.177162
23.648441, 24.089043
23.941410, 24.064438
23.941410, 24.043934
22.769535, 23.831533
23.648441, 23.801018
23.062504, 23.677933
23.941410, 23.721846
23.355473, 23.660784
24.234379, 23.756384
23.648441, 23.738394
23.355473, 23.674574
23.648441, 23.670218
24.234379, 23.764244
23.941410, 23.793772
24.234379, 23.867207
24.234379, 23.928402
24.234379, 23.979399
24.527348, 24.070724
23.941410, 24.049171
23.648441, 23.982384
23.648441, 23.926727
24.820316, 24.075659
23.062504, 23.906799
24.234379, 23.961395
23.941410, 23.958065
23.941410, 23.955290
24.234379, 24.001804
23.941410, 23.991739
24.234379, 24.032179
24.234379, 24.065880
23.648441, 23.996307
25.113285, 24.182470
24.234379, 24.191122
23.941410, 24.149504
23.062504, 23.968336
23.941410, 23.963848
23.941410, 23.960108
23.648441, 23.908163
23.941410, 23.913704
23.648441, 23.869493
23.941410, 23.881479
23.355473, 23.793812
23.648441, 23.769583
23.941410, 23.798222
24.234379, 23.870914
23.941410, 23.882664
23.648441, 23.843626
23.941410, 23.859924
24.234379, 23.922333
23.941410, 23.925512
23.941410, 23.928162
24.234379, 23.979198
24.527348, 24.070557
23.062504, 23.902548
23.648441, 23.860197
23.941410, 23.873734
23.648441, 23.836185
23.941410, 23.853724
23.648441, 23.819510
24.820316, 23.986311
23.648441, 23.929998
24.234379, 23.980728
24.820316, 24.120659
23.648441, 24.041956
24.234379, 24.074026
24.527348, 24.149580
24.234379, 24.163713
24.234379, 24.175491
24.527348, 24.234135
24.527348, 24.283003
24.527348, 24.323727
24.234379, 24.308836
23.941410, 24.247599
24.234379, 24.245396
23.941410, 24.194731
23.941410, 24.152510
24.234379, 24.166155
24.527348, 24.226355
24.820316, 24.325348
24.527348, 24.359015
23.941410, 24.289413
24.234379, 24.280241
24.234379, 24.272596
23.648441, 24.168570
24.234379, 24.179539
23.355473, 24.042194
24.820316, 24.171881
24.234379, 24.182297
24.527348, 24.239805
24.234379, 24.238901
23.648441, 24.140491
24.527348, 24.204967
24.234379, 24.209869
23.941410, 24.165127
23.941410, 24.127840
23.648441, 24.047939
23.941410, 24.030184
24.527348, 24.113045
24.234379, 24.133266
24.527348, 24.198946
24.527348, 24.253679
24.527348, 24.299292
24.234379, 24.288473
24.234379, 24.279457
25.113285, 24.418428
24.527348, 24.436583
23.941410, 24.354053
24.820316, 24.431765
23.648441, 24.301210
23.355473, 24.143587
24.527348, 24.207548
25.113285, 24.358505
24.234379, 24.337818
24.234379, 24.320578
24.234379, 24.306211
24.527348, 24.343067
23.355473, 24.178469
24.527348, 24.236616
24.527348, 24.285072
24.820316, 24.374279
23.941410, 24.302134
25.113285, 24.437326
24.234379, 24.403502
25.113285, 24.521799
23.941410, 24.425068
23.941410, 24.344458
24.527348, 24.374939
23.648441, 24.253857
23.355473, 24.104126
24.527348, 24.174664
24.527348, 24.233444
23.941410, 24.184772
23.941410, 24.144213
24.527348, 24.208069
23.941410, 24.163626
24.820316, 24.273075
24.527348, 24.315454
24.234379, 24.301941
24.234379, 24.290680
23.941410, 24.232468
24.234379, 24.232786
24.234379, 24.233051
23.648441, 24.135616
24.820316, 24.249733
24.820316, 24.344830
24.527348, 24.375250
23.941410, 24.302942
24.234379, 24.291515
24.527348, 24.330820
24.234379, 24.314747
24.234379, 24.301352
23.941410, 24.241362
24.234379, 24.240198
24.527348, 24.288057
24.234379, 24.279110
24.820316, 24.369310
24.820316, 24.444479
24.234379, 24.409462
23.941410, 24.331453
25.113285, 24.461760
24.527348, 24.472691
24.234379, 24.432972
25.113285, 24.546358
23.941410, 24.445534
23.941410, 24.361513
23.648441, 24.242668
23.355473, 24.094803
24.527348, 24.166893
24.527348, 24.226969
23.941410, 24.179375
23.941410, 24.139713
24.527348, 24.204319
23.355473, 24.062845
24.820316, 24.189091
22.769535, 23.952497
24.234379, 23.999477
23.941410, 23.989799
24.527348, 24.079391
23.941410, 24.056395
24.234379, 24.086060
24.234379, 24.110779
24.820316, 24.229034
24.234379, 24.229925
24.527348, 24.279495
23.648441, 24.174320
23.941410, 24.135502
24.234379, 24.151981
24.234379, 24.165714
24.527348, 24.225986
24.234379, 24.227385
23.648441, 24.130894
23.941410, 24.099314
23.941410, 24.072996
23.941410, 24.051065
24.527348, 24.130445
24.527348, 24.196596
24.234379, 24.202894
25.113285, 24.354626
24.234379, 24.334585
24.234379, 24.317884
24.820316, 24.401623
24.527348, 24.422577
24.234379, 24.391211
24.527348, 24.413900
24.527348, 24.432808
22.769535, 24.155596
24.527348, 24.217554
24.527348, 24.269186
24.527348, 24.312214
24.234379, 24.299242
24.234379, 24.288431
23.648441, 24.181767
24.234379, 24.190535
24.820316, 24.295498
24.234379, 24.285311
24.527348, 24.325651
23.648441, 24.212782
24.234379, 24.216381
23.941410, 24.170553
23.648441, 24.083534
23.941410, 24.059847
24.234379, 24.088936
23.648441, 24.015520
24.234379, 24.051996
24.820316, 24.180050
23.355473, 24.042620
24.234379, 24.074579
24.527348, 24.150042
23.941410, 24.115269
23.941410, 24.086292
23.941410, 24.062145
24.234379, 24.090851
24.234379, 24.114773
24.527348, 24.183535
23.648441, 24.094353
24.820316, 24.215347
24.234379, 24.218519
23.648441, 24.123507
24.234379, 24.141985
25.992191, 24.450354
23.941410, 24.365530
24.527348, 24.392500
25.113285, 24.512630
23.648441, 24.368599
24.527348, 24.395058
24.527348, 24.417107
23.941410, 24.337824
23.941410, 24.271755
25.113285, 24.412010
23.648441, 24.284748
23.648441, 24.178698
24.527348, 24.236807
24.234379, 24.236403
24.527348, 24.284893
24.234379, 24.276474
24.234379, 24.269459
24.527348, 24.312441
24.234379, 24.299431
24.234379, 24.288589
24.527348, 24.328382
24.234379, 24.312716
23.941410, 24.250832
25.992191, 24.541058
23.941410, 24.441116
23.941410, 24.357832
25.113285, 24.483742
24.527348, 24.491009
24.527348, 24.497065
24.234379, 24.453283
23.941410, 24.367971
24.234379, 24.345705
24.820316, 24.424807
24.234379, 24.393068
24.527348, 24.415449
24.234379, 24.385271
23.648441, 24.262466
24.527348, 24.306614
24.527348, 24.343403
24.820316, 24.422888
24.234379, 24.391470
24.234379, 24.365288
24.234379, 24.343470
23.941410, 24.276459
24.527348, 24.318274
24.234379, 24.304291
23.941410, 24.243811
25.406254, 24.437551
24.527348, 24.452518
24.527348, 24.464991
24.234379, 24.426556
24.820316, 24.492182
24.234379, 24.449215
24.527348, 24.462236
24.234379, 24.424259
23.648441, 24.294956
24.234379, 24.284861
24.527348, 24.325275
23.941410, 24.261297
24.527348, 24.305639
24.820316, 24.391418
24.527348, 24.414074
24.234379, 24.384125
24.527348, 24.407995
24.527348, 24.427887
23.941410, 24.346807
24.527348, 24.376898
23.648441, 24.255487
23.941410, 24.203140
24.527348, 24.257175
24.234379, 24.253376
24.527348, 24.299038
24.527348, 24.337090
24.820316, 24.417627
24.527348, 24.435915
24.527348, 24.451155
24.820316, 24.512682
24.234379, 24.466297
24.234379, 24.427645
24.234379, 24.395433
24.234379, 24.368591
24.527348, 24.395050
24.820316, 24.465927
24.527348, 24.476164
24.820316, 24.533524
24.527348, 24.532494
24.234379, 24.482807
24.527348, 24.490231
24.527348, 24.496416
24.527348, 24.501572
24.527348, 24.505867
24.527348, 24.509447
25.406254, 24.658915
23.648441, 24.490501
25.113285, 24.594299
24.527348, 24.583141
24.527348, 24.573843
24.527348, 24.566093
23.062504, 24.315495
24.527348, 24.350803
24.234379, 24.331400
24.234379, 24.315229
24.820316, 24.399410
24.820316, 24.469561
24.527348, 24.479193
24.234379, 24.438391
24.820316, 24.502045
24.527348, 24.506262
25.113285, 24.607433
24.234379, 24.545258
24.527348, 24.542273
24.234379, 24.490957
24.234379, 24.448195
24.234379, 24.412558
24.234379, 24.382860
24.527348, 24.406942
24.234379, 24.378181
24.820316, 24.451870
25.113285, 24.562105
24.527348, 24.556313
24.527348, 24.551485
24.527348, 24.547462
24.234379, 24.495281
24.820316, 24.549454
24.527348, 24.545769
23.941410, 24.445042
25.113285, 24.556416
24.527348, 24.551571
24.527348, 24.547533
24.527348, 24.544168
25.113285, 24.639021
23.941410, 24.522753
23.941410, 24.425861
24.527348, 24.442776
24.527348, 24.456871
24.234379, 24.419788
24.527348, 24.437716
24.527348, 24.452654
24.820316, 24.513931
24.234379, 24.467339
24.527348, 24.477341
24.234379, 24.436848
25.113285, 24.549587
24.820316, 24.594709
24.527348, 24.583483
25.113285, 24.671783
24.820316, 24.696539
25.406254, 24.814825
24.527348, 24.766912
25.113285, 24.824642
23.062504, 24.530952
24.820316, 24.579180
25.113285, 24.668198
24.820316, 24.693550
24.234379, 24.617022
24.527348, 24.602076
24.820316, 24.638449
25.113285, 24.717588
24.527348, 24.685881
24.820316, 24.708286
24.234379, 24.629301
24.820316, 24.661137
24.527348, 24.638838
24.234379, 24.571428
23.941410, 24.466425
24.234379, 24.427750
24.234379, 24.395521
24.527348, 24.417492
24.234379, 24.386972
23.648441, 24.263884
23.941410, 24.210138
24.234379, 24.214178
24.527348, 24.266373
24.820316, 24.358696
24.234379, 24.337976
23.648441, 24.223053
24.527348, 24.273769
24.820316, 24.364861
24.820316, 24.440769
25.113285, 24.552855
24.820316, 24.597431
25.113285, 24.683407
24.820316, 24.706224
24.527348, 24.676411
24.527348, 24.651567
24.820316, 24.679693
24.527348, 24.654303
25.113285, 24.730801
24.527348, 24.696892
24.820316, 24.717463
25.699223, 24.881090
24.820316, 24.870960
24.527348, 24.813692
24.527348, 24.765968
24.527348, 24.726198
25.113285, 24.790712
24.527348, 24.746819
23.941410, 24.612583
24.527348, 24.598377
24.527348, 24.586538
25.113285, 24.674330
24.234379, 24.601004
24.527348, 24.588728
24.527348, 24.578497
25.113285, 24.667629
24.234379, 24.595421
24.527348, 24.584076
23.648441, 24.428137
24.527348, 24.444672
24.527348, 24.458450
25.406254, 24.616417
24.820316, 24.650400
23.648441, 24.483406
25.113285, 24.588387
25.113285, 24.675869
25.113285, 24.748772
24.527348, 24.711868
24.820316, 24.729942
24.527348, 24.696177
24.527348, 24.668037
24.527348, 24.644588
25.113285, 24.722704
25.113285, 24.787802
25.113285, 24.842049
24.234379, 24.740770
24.527348, 24.705200
24.527348, 24.675558
24.820316, 24.699684
23.941410, 24.573305
24.527348, 24.565645
25.113285, 24.656919
24.820316, 24.684153
24.527348, 24.658018
24.527348, 24.636240
24.527348, 24.618092
24.234379, 24.554140
24.234379, 24.500847
25.113285, 24.602921
24.527348, 24.590324
24.527348, 24.579828
24.820316, 24.619909
24.527348, 24.604483
24.527348, 24.591627
24.820316, 24.629742
24.527348, 24.612677
25.113285, 24.696112
24.820316, 24.716812
24.234379, 24.636406
25.406254, 24.764713
24.234379, 24.676325
24.527348, 24.651495
24.820316, 24.679632
24.820316, 24.703079
24.820316, 24.722618
25.992191, 24.934214
25.699223, 25.061716
24.527348, 24.972654
24.527348, 24.898436
25.406254, 24.983072
24.527348, 24.907118
24.527348, 24.843822
24.820316, 24.839905
24.820316, 24.836639
24.820316, 24.833920
24.820316, 24.831652
23.648441, 24.634449
23.941410, 24.518942
24.820316, 24.569172
24.820316, 24.611029
24.820316, 24.645910
25.113285, 24.723806
24.527348, 24.691063
25.699223, 24.859089
25.113285, 24.901455
24.234379, 24.790276
24.527348, 24.746454
25.113285, 24.807592
25.113285, 24.858541
24.820316, 24.852171
25.113285, 24.895691
24.820316, 24.883129
25.113285, 24.921488
25.113285, 24.953455
25.699223, 25.077749
24.820316, 25.034843
25.113285, 25.047916
25.113285, 25.058811
24.820316, 25.019062
25.406254, 25.083593
25.699223, 25.186199
25.113285, 25.174047
24.527348, 25.066263
25.699223, 25.171757
24.820316, 25.113184
24.527348, 25.015545
24.820316, 24.983007
24.820316, 24.955893
25.406254, 25.030952
25.113285, 25.044674
23.941410, 24.860796
25.113285, 24.902878
25.406254, 24.986774
25.113285, 25.007860
25.699223, 25.123087
25.113285, 25.121452
25.113285, 25.120090
24.234379, 24.972471
24.820316, 24.947111
25.113285, 24.974808
24.234379, 24.851402
25.406254, 24.943878
24.527348, 24.874456
24.820316, 24.865433
25.406254, 24.955570
24.527348, 24.884199
23.648441, 24.678240
24.820316, 24.701920
24.820316, 24.721653
25.406254, 24.835752
25.113285, 24.882008
24.527348, 24.822897
25.699223, 24.968952
25.992191, 25.139492
24.820316, 25.086296
24.820316, 25.041965
24.527348, 24.956196
23.648441, 24.738237
25.406254, 24.849573
24.234379, 24.747040
24.234379, 24.661596
25.113285, 24.736877
24.527348, 24.701956
25.406254, 24.819340
25.113285, 24.868330
24.234379, 24.762671
25.113285, 24.821106
24.820316, 24.820974
24.820316, 24.820864
25.113285, 24.869600
24.820316, 24.861385
24.234379, 24.756884
25.113285, 24.816284
23.648441, 24.621643
24.234379, 24.557098
25.406254, 24.698624
25.113285, 24.767735
24.820316, 24.776499
25.113285, 24.832630
24.820316, 24.830578
24.234379, 24.731211
25.406254, 24.843718
24.527348, 24.790989
24.234379, 24.698221
24.234379, 24.620914
25.406254, 24.751804
24.527348, 24.714396
25.113285, 24.780878
24.820316, 24.787451
24.820316, 24.792929
25.113285, 24.846321
25.406254, 24.939644
24.527348, 24.870928
25.406254, 24.960150
25.113285, 24.985672
24.234379, 24.860456
25.113285, 24.902596
25.113285, 24.937710
24.527348, 24.869316
25.113285, 24.909977
24.527348, 24.846205
24.234379, 24.744234
25.699223, 24.903399
23.941410, 24.743067
24.527348, 24.707113
24.527348, 24.677153
24.527348, 24.652185
25.406254, 24.777864
25.113285, 24.833769
25.113285, 24.880356
24.234379, 24.772694
24.820316, 24.780630
24.820316, 24.787245
24.234379, 24.695101
25.113285, 24.764799
25.113285, 24.822880
24.527348, 24.773624
25.113285, 24.830235
25.406254, 24.926237
24.527348, 24.859755
24.527348, 24.804354
24.234379, 24.709358
24.820316, 24.727852
24.820316, 24.743263
25.113285, 24.804934
24.820316, 24.807497
24.234379, 24.711977
25.113285, 24.778862
25.113285, 24.834599
25.113285, 24.881046
24.527348, 24.822096
25.113285, 24.870628
25.406254, 24.959900
24.820316, 24.936636
25.113285, 24.966078
25.113285, 24.990612
24.527348, 24.913401
24.527348, 24.849058
24.527348, 24.795439
25.113285, 24.848413
24.820316, 24.843731
24.820316, 24.839828
25.113285, 24.885405
24.820316, 24.874556
24.527348, 24.816687
23.941410, 24.670807
24.234379, 24.598068
24.820316, 24.635109
25.992191, 24.861290
23.648441, 24.659149
24.234379, 24.588354
23.941410, 24.480530
25.113285, 24.585989
25.113285, 24.673872
25.113285, 24.747108
25.113285, 24.808138
24.527348, 24.761339
24.820316, 24.771170
25.699223, 24.925846
24.527348, 24.859430
25.113285, 24.901739
25.113285, 24.936996
25.113285, 24.966377
24.527348, 24.893206
25.113285, 24.929886
24.820316, 24.911625
25.406254, 24.994062
25.406254, 25.062761
24.820316, 25.022354
25.113285, 25.037510
25.406254, 25.098967
25.406254, 25.150181
25.406254, 25.192860
25.699223, 25.277254
24.820316, 25.201097
24.820316, 25.137634
25.113285, 25.133575
25.113285, 25.130194
25.406254, 25.176205
25.113285, 25.165718
24.820316, 25.108150
25.113285, 25.109007
25.113285, 25.109720
24.820316, 25.061485
24.527348, 24.972462
25.406254, 25.044760
25.113285, 25.056181
24.820316, 25.016870
25.699223, 25.130596
24.234379, 24.981226
24.820316, 24.954407
25.992191, 25.127371
25.113285, 25.125023
24.820316, 25.074238
25.113285, 25.080746
24.820316, 25.037340
24.820316, 25.001169
25.406254, 25.068684
23.648441, 24.831976
25.113285, 24.878860
25.113285, 24.917931
24.234379, 24.804005
24.820316, 24.806723
25.113285, 24.857817
25.113285, 24.900394
24.527348, 24.838221
25.406254, 24.932894
25.113285, 24.962959
25.113285, 24.988014
25.992191, 25.155376
25.113285, 25.148361
24.820316, 25.093687
25.699223, 25.194611
25.406254, 25.229885
25.113285, 25.210451
24.820316, 25.145428
23.941410, 24.944757
24.234379, 24.826361
25.113285, 24.874182
25.699223, 25.011688
24.234379, 24.882137
25.113285, 24.920662
24.820316, 24.903938
25.992191, 25.085314
25.113285, 25.089975
24.527348, 24.996204
24.820316, 24.966890
24.527348, 24.893633
24.527348, 24.832584
25.113285, 24.879368
25.699223, 25.016010
24.820316, 24.983395
25.113285, 25.005043
25.699223, 25.120739
25.113285, 25.119497
24.820316, 25.069633
23.941410, 24.881596
24.527348, 24.822554
24.820316, 24.822180
24.820316, 24.821869
24.820316, 24.821609
25.699223, 24.967878
25.992191, 25.138597
25.699223, 25.232035
25.113285, 25.212242
24.820316, 25.146921
26.578129, 25.385456
25.113285, 25.340094
25.699223, 25.399948
25.113285, 25.352171
25.699223, 25.410013
25.699223, 25.458216
25.113285, 25.400726
25.113285, 25.352819
24.820316, 25.264069
24.820316, 25.190109
25.113285, 25.177305
25.406254, 25.215464
25.406254, 25.247263
25.406254, 25.273762
25.113285, 25.247015
24.234379, 25.078241
25.113285, 25.084082
25.113285, 25.088949
25.406254, 25.141834
24.527348, 25.039419
24.820316, 25.002901
25.406254, 25.070127
24.234379, 24.930836
25.113285, 24.961245
25.406254, 25.035414
25.406254, 25.097221
24.527348, 25.002243
25.113285, 25.020750
25.699223, 25.133829
24.820316, 25.081577
25.113285, 25.086863
25.406254, 25.140095
25.992191, 25.282110
25.699223, 25.351629
25.113285, 25.311905
25.113285, 25.278801
25.406254, 25.300043
25.406254, 25.317745
25.992191, 25.430153
23.355473, 25.084373
25.699223, 25.186848
24.527348, 25.076931
26.285160, 25.278303
25.113285, 25.250799
25.113285, 25.227880
25.113285, 25.208780
25.113285, 25.192863
25.113285, 25.179600
25.113285, 25.168547
25.406254, 25.208164
24.527348, 25.094694
25.406254, 25.146622
25.113285, 25.141066
24.820316, 25.087606
25.699223, 25.189543
24.820316, 25.128004
25.113285, 25.125551
25.113285, 25.123507
24.820316, 25.072975
25.406254, 25.128521
25.406254, 25.174810
24.820316, 25.115728
24.234379, 24.968836
25.992191, 25.139395
24.820316, 25.086214
25.406254, 25.139555
25.406254, 25.184006
24.527348, 25.074562
25.992191, 25.227501
24.820316, 25.159637
24.527348, 25.054256
25.113285, 25.064095
25.113285, 25.072292
24.527348, 24.981468
25.113285, 25.003437
25.699223, 25.119402
24.527348, 25.020725
25.406254, 25.084980
24.234379, 24.943213
24.527348, 24.873901
25.406254, 24.962627
25.113285, 24.987738
24.820316, 24.959833
25.699223, 25.083065
24.820316, 25.039274
23.941410, 24.856297
25.406254, 24.947956
25.113285, 24.975512
24.820316, 24.949646
25.113285, 24.976919
25.113285, 24.999647
24.234379, 24.872103
24.820316, 24.863472
25.699223, 25.002764
24.527348, 24.923527
25.113285, 24.955153
25.113285, 24.981508
24.527348, 24.905815
25.992191, 25.086878
25.113285, 25.091280
23.941410, 24.899635
25.113285, 24.935244
26.285160, 25.160231
23.941410, 24.957094
25.992191, 25.129610
25.113285, 25.126888
24.527348, 25.026964
25.699223, 25.139008
24.820316, 25.085892
24.820316, 25.041630
25.699223, 25.151228
24.527348, 25.047247
25.699223, 25.155910
25.992191, 25.295290
24.820316, 25.216127
25.699223, 25.296644
25.406254, 25.314913
24.527348, 25.183651
25.406254, 25.220751
25.699223, 25.300497
24.234379, 25.122810
25.406254, 25.170052
25.113285, 25.160591
24.527348, 25.055050
25.406254, 25.113585
25.113285, 25.113535
24.234379, 24.967009
25.113285, 24.991388
25.113285, 25.011705
24.820316, 24.979807
25.699223, 25.099710
25.406254, 25.150801
24.820316, 25.095720
25.406254, 25.147476
24.820316, 25.092949
23.648441, 24.852198
25.406254, 24.944540
24.527348, 24.875008
24.527348, 24.817064
25.699223, 24.964090
25.406254, 25.037785
24.820316, 25.001539
25.406254, 25.068993
24.527348, 24.978718
24.820316, 24.952318
25.992191, 25.125631
24.820316, 25.074745
23.648441, 24.837029
25.699223, 24.980728
25.113285, 25.002821
25.113285, 25.021233
25.113285, 25.036575
25.406254, 25.098188
24.527348, 25.003048
25.406254, 25.070250
25.113285, 25.077423
24.820316, 25.034573
25.992191, 25.194176
23.941410, 24.985382
25.699223, 25.104355
25.113285, 25.105843
24.820316, 25.058254
25.406254, 25.116255
25.699223, 25.213417
24.820316, 25.147900
24.820316, 25.093302
25.406254, 25.145460
24.820316, 25.091269
25.113285, 25.094938
25.406254, 25.146824
24.527348, 25.043577
25.406254, 25.104023
25.113285, 25.105566
24.234379, 24.960367
25.699223, 25.083509
25.699223, 25.186129
25.113285, 25.173988
25.699223, 25.261528
24.234379, 25.090336
24.820316, 25.045332
27.164066, 25.398455
25.699223, 25.448584
25.113285, 25.392700
25.992191, 25.492615
25.699223, 25.527050
24.820316, 25.409262
25.699223, 25.457588
24.820316, 25.351376
24.527348, 25.214037
26.285160, 25.392557
24.820316, 25.297184
23.941410, 25.071222
25.406254, 25.127062
26.285160, 25.320078
25.113285, 25.285612
24.820316, 25.208063
25.699223, 25.289923
24.527348, 25.162827
25.992191, 25.301054
25.699223, 25.367416
25.113285, 25.325062
25.113285, 25.289766
25.406254, 25.309181
24.527348, 25.178875
25.699223, 25.265600
25.406254, 25.289043
24.234379, 25.113266
25.406254, 25.162098
24.820316, 25.105135
25.699223, 25.204149
24.820316, 25.140177
24.820316, 25.086866
25.406254, 25.140099
25.699223, 25.233286
25.113285, 25.213285
25.992191, 25.343103
25.113285, 25.304800
24.527348, 25.175224
25.406254, 25.213730
25.113285, 25.196989
24.820316, 25.134211
24.820316, 25.081894
26.578129, 25.331266
25.113285, 25.294935
25.406254, 25.313488
25.113285, 25.280121
24.527348, 25.154659
24.234379, 25.001280
25.406254, 25.068775
24.527348, 24.978537
25.699223, 25.098652
25.406254, 25.149920
24.820316, 25.094986
25.406254, 25.146864
24.527348, 25.043612
24.527348, 24.957567
25.406254, 25.032349
25.699223, 25.143494
24.234379, 24.991974
25.992191, 25.158676
24.527348, 25.053455
24.527348, 24.965771
25.699223, 25.234215
25.406254, 25.262888
24.820316, 25.189125
25.113285, 25.176485
25.406254, 25.214781
24.234379, 25.051380
25.699223, 25.159353
25.406254, 25.200504
24.820316, 25.137140
25.699223, 25.230822
25.406254, 25.260061
24.820316, 25.186769
25.699223, 25.272179
25.113285, 25.245697
25.406254, 25.272457
25.699223, 25.343584
25.113285, 25.305201
24.527348, 25.175558
25.406254, 25.214008
25.113285, 25.197222
25.113285, 25.183231
25.699223, 25.269230
25.113285, 25.243238
24.820316, 25.172750
24.820316, 25.114012
25.406254, 25.162720
25.113285, 25.154480
23.941410, 24.952301
25.406254, 25.027960
25.699223, 25.139837
25.406254, 25.184240
25.406254, 25.221243
25.113285, 25.203249
25.406254, 25.237083
25.992191, 25.362934
25.699223, 25.418982
24.234379, 25.221548
25.406254, 25.252333
25.992191, 25.375643
25.406254, 25.380745
25.113285, 25.336168
25.406254, 25.347849
25.699223, 25.406412
25.699223, 25.455214
25.699223, 25.495882
24.234379, 25.285631
25.406254, 25.305735
24.820316, 25.224831
25.406254, 25.255068
25.406254, 25.280266
25.699223, 25.350092
25.113285, 25.310623
24.234379, 25.131248
25.406254, 25.177082
24.234379, 25.019964
25.992191, 25.182003
26.285160, 25.365862
25.406254, 25.372595
25.406254, 25.378204
25.699223, 25.431707
25.699223, 25.476294
25.699223, 25.513449
25.113285, 25.446754
25.406254, 25.440004
25.406254, 25.434380
25.992191, 25.527348
25.113285, 25.458338
25.113285, 25.400829
25.113285, 25.352905
25.992191, 25.459454
25.406254, 25.450586
24.820316, 25.345541
25.113285, 25.306831
25.113285, 25.274574
25.699223, 25.345348
25.406254, 25.355499
25.406254, 25.363958
25.406254, 25.371008
25.406254, 25.376883
25.699223, 25.430607
25.406254, 25.426548
25.113285, 25.374338
25.406254, 25.379658
25.992191, 25.481747
25.406254, 25.469164
25.406254, 25.458679
24.820316, 25.352285
25.113285, 25.312452
25.406254, 25.328087
25.699223, 25.389942
25.406254, 25.392660
24.820316, 25.297270
24.527348, 25.168949
25.406254, 25.208500
25.406254, 25.241459
25.113285, 25.220097
25.699223, 25.299952
25.699223, 25.366497
25.406254, 25.373123
25.406254, 25.378645
25.699223, 25.432076
24.527348, 25.281288
25.699223, 25.350945
25.406254, 25.360163
25.406254, 25.367846
25.406254, 25.374247
25.699223, 25.428410
25.113285, 25.375889
24.527348, 25.234465
25.113285, 25.214268
24.527348, 25.099781
25.406254, 25.150860
24.820316, 25.095770
25.406254, 25.147518
25.406254, 25.190641
24.234379, 25.031263
25.406254, 25.093761
25.113285, 25.097015
25.406254, 25.148556
25.113285, 25.142677
25.113285, 25.137779
24.820316, 25.084869
26.578129, 25.333746
25.992191, 25.443487
25.113285, 25.388453
26.578129, 25.586733
25.699223, 25.605482
25.113285, 25.523449
25.699223, 25.552744
24.820316, 25.430672
25.699223, 25.475430
25.113285, 25.415071
24.820316, 25.315945
25.113285, 25.282167
25.113285, 25.254021
25.406254, 25.279392
25.406254, 25.300535
25.406254, 25.318155
24.527348, 25.186354
25.406254, 25.223003
25.699223, 25.302374
24.820316, 25.222031
25.113285, 25.203907
25.992191, 25.335287
25.406254, 25.347115
25.992191, 25.454628
25.699223, 25.495394
25.699223, 25.529366
26.285160, 25.655331
25.406254, 25.613817
25.406254, 25.579224
25.113285, 25.501568
24.820316, 25.388025
25.699223, 25.439892
25.699223, 25.483114
25.699223, 25.519133
24.527348, 25.353834
25.992191, 25.460228
25.113285, 25.402405
25.113285, 25.354218
25.406254, 25.362890
26.578129, 25.565430
25.992191, 25.636557
25.992191, 25.695829
25.406254, 25.647566
25.406254, 25.607347
25.699223, 25.622660
26.285160, 25.733076
25.699223, 25.727434
25.699223, 25.722733
25.113285, 25.621159
25.113285, 25.536512
25.699223, 25.563631
25.992191, 25.635057
25.699223, 25.645752
25.113285, 25.557007
24.234379, 25.336569
25.699223, 25.397011
25.992191, 25.496208
25.406254, 25.481216
25.406254, 25.468723
25.699223, 25.507139
25.113285, 25.441496
25.406254, 25.435621
25.406254, 25.430727
25.406254, 25.426647
25.406254, 25.423248
25.699223, 25.469244
25.406254, 25.458746
25.992191, 25.547653
25.406254, 25.524086
24.527348, 25.357964
25.992191, 25.463669
25.113285, 25.405272
25.406254, 25.405436
25.113285, 25.356743
25.406254, 25.364994
25.699223, 25.420698
25.992191, 25.515947
25.113285, 25.448837
25.113285, 25.392912
25.406254, 25.395136
25.406254, 25.396990
25.406254, 25.398535
24.820316, 25.302164
24.820316, 25.221855
25.113285, 25.203760
25.699223, 25.286337
25.992191, 25.403980
27.164066, 25.697329
25.113285, 25.599987
24.820316, 25.470041
24.820316, 25.361753
25.113285, 25.320341
25.699223, 25.383488
24.820316, 25.289625
25.406254, 25.309063
25.406254, 25.325262
25.406254, 25.338760
25.992191, 25.447666
25.699223, 25.489592
25.992191, 25.573359
25.406254, 25.545507
25.113285, 25.473471
26.285160, 25.608753
25.406254, 25.575003
25.406254, 25.546877
25.992191, 25.621096
25.992191, 25.682945
25.406254, 25.636829
25.699223, 25.647228
24.820316, 25.509409
25.406254, 25.492216
25.699223, 25.526718
25.406254, 25.506641
25.406254, 25.489910
25.406254, 25.475967
25.699223, 25.513176
25.699223, 25.544184
25.992191, 25.618853
25.699223, 25.632248
24.820316, 25.496925
25.406254, 25.481813
25.699223, 25.518049
25.406254, 25.499416
25.406254, 25.483889
25.699223, 25.519777
25.699223, 25.549685
25.699223, 25.574608
26.578129, 25.741861
24.820316, 25.588270
25.406254, 25.557934
25.699223, 25.581482
25.406254, 25.552277
24.820316, 25.430283
24.820316, 25.328621
25.992191, 25.439217
25.699223, 25.482552
25.113285, 25.421007
25.406254, 25.418549
25.699223, 25.465328
25.699223, 25.504311
25.406254, 25.487968
25.113285, 25.425522
25.113285, 25.373482
24.527348, 25.232460
25.406254, 25.261425
25.406254, 25.285563
25.992191, 25.403334
25.406254, 25.403820
25.406254, 25.404226
25.406254, 25.404564
25.406254, 25.404846
24.234379, 25.209768
24.527348, 25.096031
25.406254, 25.147736
25.699223, 25.239651
24.820316, 25.169762
25.699223, 25.258005
25.699223, 25.331541
25.113285, 25.295164
26.285160, 25.460163
25.699223, 25.500006
24.820316, 25.386724
25.992191, 25.487637
25.406254, 25.474073
25.406254, 25.462770
25.699223, 25.502180
25.699223, 25.535021
25.113285, 25.464731
25.699223, 25.503813
25.699223, 25.536381
25.113285, 25.465864
25.992191, 25.553585
24.820316, 25.431374
25.113285, 25.378359
25.113285, 25.334179
25.992191, 25.443848
25.406254, 25.437582
25.406254, 25.432360
25.992191, 25.525665
25.113285, 25.456936
24.820316, 25.350832
25.406254, 25.360069
24.234379, 25.172455
25.699223, 25.260250
25.992191, 25.382240
24.527348, 25.239758
25.406254, 25.267508
25.406254, 25.290632
25.113285, 25.261074
25.406254, 25.285271
25.992191, 25.403091
24.527348, 25.257133
25.699223, 25.330814
25.699223, 25.392216
24.820316, 25.296900
25.699223, 25.363955
25.992191, 25.468660
24.820316, 25.360603
27.164066, 25.661180
25.406254, 25.618692
25.699223, 25.632114
25.406254, 25.594471
25.992191, 25.660757
24.820316, 25.520683
25.992191, 25.599268
24.820316, 25.469442
25.699223, 25.507740
25.699223, 25.539654
25.699223, 25.566248
25.699223, 25.588411
25.406254, 25.558052
25.992191, 25.630409
25.406254, 25.593050
25.992191, 25.659575
24.527348, 25.470869
25.699223, 25.508928
25.699223, 25.540644
25.113285, 25.469418
25.992191, 25.556547
24.820316, 25.433842
25.699223, 25.478071
25.406254, 25.466101
25.406254, 25.456125
24.527348, 25.301329
25.699223, 25.367645
25.113285, 25.325253
25.406254, 25.338753
25.406254, 25.350002
25.113285, 25.310549
24.820316, 25.228844
25.699223, 25.307240
25.699223, 25.372570
25.113285, 25.329355
25.406254, 25.342173
25.699223, 25.401682
25.113285, 25.353615
25.406254, 25.362389
25.113285, 25.320871
25.406254, 25.335102
25.699223, 25.395788
25.699223, 25.446362
25.113285, 25.390848
25.992191, 25.491072
25.406254, 25.476934
25.699223, 25.513983
25.699223, 25.544857
25.113285, 25.472929
25.406254, 25.461817
24.527348, 25.306072
25.406254, 25.322769
25.113285, 25.287855
25.406254, 25.307589
25.992191, 25.421690
25.113285, 25.370289
25.992191, 25.473940
25.406254, 25.462658
25.992191, 25.550913
24.527348, 25.380318
25.406254, 25.384640
25.992191, 25.485899
25.699223, 25.521454
25.699223, 25.551083
25.699223, 25.575773
25.699223, 25.596348
25.699223, 25.613493
25.113285, 25.530125
25.406254, 25.509480
25.113285, 25.443447
25.992191, 25.534904
25.992191, 25.611118
24.820316, 25.479319
24.820316, 25.369484
26.578129, 25.570925
24.820316, 25.445824
25.113285, 25.390400
25.699223, 25.441870
24.527348, 25.289450
25.992191, 25.406574
25.699223, 25.455349
25.699223, 25.495995
25.406254, 25.481037
25.992191, 25.566229
25.699223, 25.588394
25.992191, 25.655693
26.285160, 25.760605
25.699223, 25.750374
25.699223, 25.741848
25.699223, 25.734743
25.406254, 25.679995
25.406254, 25.634371
25.992191, 25.694008
24.527348, 25.499565
25.699223, 25.532841
25.113285, 25.462915
25.992191, 25.551128
25.699223, 25.575811
25.406254, 25.547552
25.406254, 25.524002
25.113285, 25.455549
24.234379, 25.252020
25.406254, 25.277725
26.578129, 25.494459
25.406254, 25.479757
25.113285, 25.418678
25.406254, 25.416607
25.699223, 25.463709
25.699223, 25.502962
25.113285, 25.438015
25.992191, 25.530378
25.406254, 25.509691
25.113285, 25.443623
25.113285, 25.388567
25.406254, 25.391516
25.992191, 25.491629
25.113285, 25.428572
25.699223, 25.473680
24.527348, 25.315958
25.406254, 25.331007
25.699223, 25.392376
25.699223, 25.443518
23.941410, 25.193167
25.992191, 25.326338
25.406254, 25.339657
26.285160, 25.497240
24.820316, 25.384418
25.699223, 25.436886
25.113285, 25.382952
24.820316, 25.289179
26.285160, 25.455175
24.527348, 25.300537
25.699223, 25.366985
24.820316, 25.275873
24.820316, 25.199947
26.285160, 25.380816
25.406254, 25.385056
25.992191, 25.486244
25.699223, 25.521740
25.406254, 25.502493
25.406254, 25.486452
25.406254, 25.473085
25.113285, 25.413118
25.699223, 25.460802
25.992191, 25.549368
26.578129, 25.720829
25.699223, 25.717228
25.992191, 25.763056
25.992191, 25.801245
25.113285, 25.686584
25.406254, 25.639862
25.699223, 25.649755
25.406254, 25.609171
25.699223, 25.624180
25.992191, 25.685514
25.406254, 25.638971
25.699223, 25.649014
24.527348, 25.462069
25.406254, 25.452766
25.406254, 25.445015
25.406254, 25.438555
25.699223, 25.482000
25.406254, 25.469376
25.992191, 25.556511
25.992191, 25.629124
25.992191, 25.689634
26.578129, 25.837717
25.992191, 25.863462
25.699223, 25.836088
25.992191, 25.862106
25.406254, 25.786131
25.113285, 25.673990
25.406254, 25.629368
25.699223, 25.641010
25.699223, 25.650713
25.699223, 25.658798
25.699223, 25.665535
25.406254, 25.622322
24.820316, 25.488655
25.406254, 25.474922
25.699223, 25.512306
25.699223, 25.543459
25.699223, 25.569420
26.285160, 25.688709
24.820316, 25.543978
24.820316, 25.423367
25.992191, 25.518171
25.992191, 25.597176
25.699223, 25.614183
25.113285, 25.530701
25.699223, 25.558788
25.113285, 25.484537
25.406254, 25.471489
25.992191, 25.558273
25.699223, 25.581764
25.406254, 25.552513
25.406254, 25.528137
25.406254, 25.507824
24.527348, 25.344412
25.699223, 25.403547
25.406254, 25.403999
25.406254, 25.404375
25.113285, 25.355860
25.406254, 25.364260
25.699223, 25.420088
25.699223, 25.466610
25.699223, 25.505379
25.699223, 25.537685
25.406254, 25.515779
25.699223, 25.546354
25.992191, 25.620661
25.406254, 25.584927
25.113285, 25.506319
25.406254, 25.489641
24.820316, 25.378086
25.992191, 25.480436
25.699223, 25.516901
26.578129, 25.693773
25.406254, 25.645853
25.699223, 25.654749
25.406254, 25.613333
25.406254, 25.578819
23.941410, 25.305918
24.527348, 25.176155
25.992191, 25.312160
25.699223, 25.376671
25.992191, 25.479258
25.406254, 25.467091
25.699223, 25.505779
25.406254, 25.489191
24.527348, 25.328884
25.699223, 25.390608
26.578129, 25.588528
25.699223, 25.606977
25.992191, 25.671181
26.578129, 25.822338
25.992191, 25.850647
25.699223, 25.825409
25.992191, 25.853207
25.406254, 25.778715
25.699223, 25.765467
25.699223, 25.754425
25.699223, 25.745224
25.406254, 25.688728
25.406254, 25.641649
24.820316, 25.504761
26.285160, 25.634827
25.699223, 25.645559
24.820316, 25.508018
25.113285, 25.442230
25.992191, 25.533890
25.992191, 25.610273
25.699223, 25.625099
24.820316, 25.490969
25.992191, 25.574507
26.578129, 25.741777
25.992191, 25.783514
25.699223, 25.769464
24.527348, 25.562445
25.992191, 25.634069
25.406254, 25.596100
25.992191, 25.662115
24.820316, 25.521814
25.406254, 25.502554
25.699223, 25.535332
26.578129, 25.709131
25.113285, 25.609823
25.699223, 25.624723
25.699223, 25.637140
25.406254, 25.598660
25.992191, 25.664248
25.992191, 25.718904
24.527348, 25.520311
25.992191, 25.598959
25.406254, 25.566841
24.234379, 25.344765
25.992191, 25.452669
25.406254, 25.444933
25.406254, 25.438486
25.699223, 25.481943
24.234379, 25.274015
25.699223, 25.344883
25.113285, 25.306284
26.578129, 25.518259
25.699223, 25.548420
26.871098, 25.768866
25.113285, 25.659601
25.699223, 25.666204
24.527348, 25.476395
25.406254, 25.464705
25.113285, 25.406134
25.699223, 25.454983
26.578129, 25.642174
25.992191, 25.700510
25.699223, 25.700294
25.992191, 25.748943
25.406254, 25.691828
25.406254, 25.644232
25.699223, 25.653397
25.406254, 25.612206
25.699223, 25.626709
25.699223, 25.638794
25.406254, 25.600037
26.578129, 25.763052
25.699223, 25.752413
25.113285, 25.645891
25.406254, 25.605951
25.406254, 25.572668
25.699223, 25.593761
25.406254, 25.562510
25.992191, 25.634123
25.699223, 25.644974
25.992191, 25.702843
25.406254, 25.653412
26.578129, 25.807531
25.992191, 25.838308
25.699223, 25.815126
25.699223, 25.795809
25.992191, 25.828539
25.699223, 25.806986
25.992191, 25.837854
25.699223, 25.814749
25.113285, 25.697838
25.699223, 25.698069
25.406254, 25.649433
25.992191, 25.706560
25.113285, 25.607681
25.699223, 25.622938
25.699223, 25.635653
25.699223, 25.646248
26.285160, 25.752733
25.406254, 25.694986
24.820316, 25.549208
25.992191, 25.623039
25.406254, 25.586908
25.406254, 25.556799
25.406254, 25.531708
26.285160, 25.657284
24.820316, 25.517790
26.871098, 25.743341
25.406254, 25.687160
25.699223, 25.689171
25.992191, 25.739674
25.699223, 25.732931
25.699223, 25.727312
25.406254, 25.673801
25.699223, 25.678038
25.699223, 25.681568
25.406254, 25.635683
27.164066, 25.890413
25.992191, 25.907377
25.699223, 25.872684
25.992191, 25.892603
25.992191, 25.909201
25.113285, 25.776548
25.406254, 25.714832
24.820316, 25.565746
26.285160, 25.685648
25.699223, 25.687910
26.285160, 25.787453
27.164066, 26.016888
24.820316, 25.817459
25.699223, 25.797752
26.285160, 25.878986
25.992191, 25.897854
25.992191, 25.913576
25.406254, 25.829021
26.285160, 25.905045
25.699223, 25.870741
25.699223, 25.842154
25.699223, 25.818331
25.406254, 25.749651
25.406254, 25.692417
26.578129, 25.840036
25.699223, 25.816566
25.406254, 25.748180
25.406254, 25.691193
25.406254, 25.643703
25.699223, 25.652956
25.699223, 25.660667
24.234379, 25.422953
25.699223, 25.468998
25.699223, 25.507368
25.992191, 25.588173
25.113285, 25.509026
25.113285, 25.443069
25.699223, 25.485762
25.113285, 25.423681
25.406254, 25.420776
25.406254, 25.418356
25.699223, 25.465168
25.113285, 25.406521
25.699223, 25.455305
26.285160, 25.593615
25.406254, 25.562387
25.699223, 25.585194
26.285160, 25.701855
26.285160, 25.799072
25.699223, 25.782431
25.406254, 25.719734
25.406254, 25.667488
25.406254, 25.623949
25.406254, 25.587666
25.992191, 25.655087
26.285160, 25.760099
26.285160, 25.847610
25.113285, 25.725224
25.699223, 25.720890
25.406254, 25.668451
25.113285, 25.575924
25.699223, 25.596474
25.992191, 25.662426
25.113285, 25.570902
26.285160, 25.689945
24.820316, 25.545008
25.406254, 25.521881
25.699223, 25.551437
25.699223, 25.576069
25.113285, 25.498938
25.699223, 25.532318
25.699223, 25.560135
25.699223, 25.583317
25.992191, 25.651463
25.992191, 25.708250
25.699223, 25.706745
25.406254, 25.656664
25.699223, 25.663757
25.113285, 25.572012
25.992191, 25.642042
25.699223, 25.651573
25.406254, 25.610687
25.992191, 25.674271
25.992191, 25.727257
24.234379, 25.478443
25.699223, 25.515240
25.406254, 25.497076
25.406254, 25.481939
24.527348, 25.322840
25.699223, 25.385571
25.113285, 25.340189
25.113285, 25.302372
25.113285, 25.270857
25.699223, 25.342251
25.699223, 25.401747
25.992191, 25.500154
24.527348, 25.338020
25.699223, 25.398220
25.992191, 25.497215
25.699223, 25.530884
25.992191, 25.607769
25.406254, 25.574183
25.113285, 25.497366
25.699223, 25.531010
25.699223, 25.559046
25.699223, 25.582409
25.699223, 25.601877
25.406254, 25.569273
25.699223, 25.590931
25.406254, 25.560152
25.992191, 25.632158
25.699223, 25.643335
25.406254, 25.603821
25.699223, 25.619720
25.699223, 25.632971
26.285160, 25.741669
25.406254, 25.685766
25.699223, 25.688009
25.699223, 25.689878
25.699223, 25.691437
26.285160, 25.790390
25.406254, 25.726368
25.113285, 25.624187
25.992191, 25.685522
25.699223, 25.687805
24.820316, 25.543224
25.406254, 25.520395
25.699223, 25.550200
26.285160, 25.672693
26.578129, 25.823599
25.699223, 25.802870
25.406254, 25.736767
25.699223, 25.730509
25.699223, 25.725294
25.406254, 25.672121
25.699223, 25.676638
24.527348, 25.485088
26.285160, 25.618433
25.699223, 25.631899
25.992191, 25.691948
25.992191, 25.741989
25.699223, 25.734861
25.992191, 25.777750
25.992191, 25.813490
25.699223, 25.794445
26.578129, 25.925058
25.699223, 25.887419
25.406254, 25.807224
25.406254, 25.740396
24.820316, 25.587049
25.992191, 25.654573
25.113285, 25.564358
25.699223, 25.586836
25.992191, 25.654396
25.992191, 25.710695
25.992191, 25.757612
25.406254, 25.699053
25.992191, 25.747910
25.699223, 25.739796
25.699223, 25.733034
24.820316, 25.580914
26.285160, 25.698288
25.699223, 25.698444
25.406254, 25.649746
25.699223, 25.657991
25.406254, 25.616035
24.820316, 25.483416
25.992191, 25.568213
25.699223, 25.590048
25.406254, 25.559416
25.113285, 25.485060
25.113285, 25.423098
25.406254, 25.420290
26.285160, 25.564436
25.406254, 25.538073
25.113285, 25.467274
26.871098, 25.701244
25.699223, 25.700907
25.113285, 25.602970
25.992191, 25.667841
25.406254, 25.624243
25.406254, 25.587912
26.285160, 25.704121
25.699223, 25.703304
26.285160, 25.800280
25.992191, 25.832266
26.578129, 25.956577
25.699223, 25.913685
25.992191, 25.926769
25.699223, 25.888845
25.406254, 25.808413
25.699223, 25.790215
26.578129, 25.921534
25.406254, 25.835653
25.699223, 25.812914
25.992191, 25.842794
25.406254, 25.770037
25.699223, 25.758234
25.113285, 25.650742
25.113285, 25.561165
25.992191, 25.633003
25.406254, 25.595211
25.406254, 25.563719
26.285160, 25.683960
25.113285, 25.588848
25.406254, 25.558416
25.992191, 25.630713
26.578129, 25.788616
24.820316, 25.627234
25.699223, 25.639233
25.992191, 25.698059
26.285160, 25.795910
25.992191, 25.828623
25.699223, 25.807056
26.578129, 25.935568
26.285160, 25.993834
25.699223, 25.944731
24.527348, 25.708500
26.285160, 25.804609
25.699223, 25.787045
24.820316, 25.625923
25.406254, 25.589312
25.992191, 25.656458
25.992191, 25.712414
25.699223, 25.710215
24.820316, 25.561897
25.699223, 25.584785
26.285160, 25.701515
25.699223, 25.701134
26.285160, 25.798471
24.820316, 25.635445
25.699223, 25.646074
25.699223, 25.654932
25.406254, 25.613485
25.699223, 25.627775
25.699223, 25.639683
26.285160, 25.747263
26.285160, 25.836912
25.699223, 25.813963
25.699223, 25.794840
25.699223, 25.778904
25.992191, 25.814451
25.406254, 25.746418
26.871098, 25.933865
25.992191, 25.943586
25.992191, 25.951687
25.699223, 25.909609
25.992191, 25.923372
25.406254, 25.837185
25.699223, 25.814192
25.992191, 25.843859
25.699223, 25.819752
25.992191, 25.848492
25.699223, 25.823614
25.699223, 25.802881
26.285160, 25.883261
25.113285, 25.754930
25.406254, 25.696817
25.699223, 25.697218
25.406254, 25.648724
25.699223, 25.657141
25.699223, 25.664154
26.871098, 25.865311
25.406254, 25.788801
25.699223, 25.773870
25.992191, 25.810257
25.699223, 25.791752
25.699223, 25.776331
25.992191, 25.812307
25.992191, 25.842289
25.113285, 25.720789
25.699223, 25.717194
25.992191, 25.763027
25.113285, 25.654737
26.285160, 25.759808
25.992191, 25.798538
26.578129, 25.928471
26.285160, 25.987919
26.578129, 26.086287
25.992191, 26.070604
25.699223, 26.008707
25.699223, 25.957127
25.992191, 25.962971
25.699223, 25.919012
26.285160, 25.980038
25.699223, 25.933235
25.992191, 25.943062
25.992191, 25.951250
26.285160, 26.006903
25.406254, 25.906794
25.992191, 25.921026
25.992191, 25.932888
25.699223, 25.893944
25.992191, 25.910318
25.992191, 25.923964
26.285160, 25.984163
25.406254, 25.887844
25.406254, 25.807579
25.992191, 25.838348
26.871098, 26.010473
24.820316, 25.812113
25.699223, 25.793297
25.699223, 25.777618
26.285160, 25.862209
25.699223, 25.835045
25.992191, 25.861237
25.992191, 25.883062
24.820316, 25.705938
26.578129, 25.851303
25.992191, 25.874784
25.113285, 25.747868
25.992191, 25.788588
25.992191, 25.822521
24.527348, 25.606659
25.699223, 25.622086
26.285160, 25.732597
25.992191, 25.775864
25.992191, 25.811918
25.992191, 25.841965
25.992191, 25.867002
25.406254, 25.790211
26.578129, 25.921530
25.406254, 25.835649
25.699223, 25.812912
25.699223, 25.793964
25.406254, 25.729345
26.578129, 25.870810
26.285160, 25.939869
26.285160, 25.997417
25.992191, 25.996546
26.578129, 26.093477
25.406254, 25.978939
25.699223, 25.932320
25.699223, 25.893471
26.285160, 25.958752
25.992191, 25.964325
25.699223, 25.920141
27.164066, 26.127462
25.699223, 26.056089
25.699223, 25.996611
25.699223, 25.947046
25.699223, 25.905743
25.699223, 25.871323
25.992191, 25.891468
26.578129, 26.005911
25.406254, 25.905968
25.113285, 25.773853
26.285160, 25.859072
25.699223, 25.832430
24.820316, 25.663744
25.699223, 25.669657
25.699223, 25.674585
25.699223, 25.678692
25.699223, 25.682114
25.699223, 25.684965
26.285160, 25.784998
25.992191, 25.819530
25.699223, 25.799479
24.820316, 25.636284
25.699223, 25.646774
25.992191, 25.704344
25.406254, 25.654661
26.285160, 25.759745
25.992191, 25.798487
26.871098, 25.977255
25.992191, 25.979744
25.699223, 25.932991
25.699223, 25.894030
25.699223, 25.861561
25.699223, 25.834505
24.820316, 25.665474
25.699223, 25.671099
25.992191, 25.724615
25.992191, 25.769211
25.992191, 25.806374
25.406254, 25.739687
25.406254, 25.684114
25.699223, 25.686632
25.992191, 25.737558
25.699223, 25.731169
25.113285, 25.628187
25.992191, 25.688854
25.992191, 25.739410
25.406254, 25.683884
25.992191, 25.735268
25.406254, 25.680431
25.699223, 25.683563
25.406254, 25.637344
25.992191, 25.696486
26.285160, 25.794598
25.699223, 25.778702
25.699223, 25.765455
25.992191, 25.803246
25.699223, 25.785908
25.406254, 25.722631
25.113285, 25.621073
25.406254, 25.585270
25.992191, 25.653090
25.406254, 25.611950
25.992191, 25.675323
25.699223, 25.679306
25.113285, 25.584969
25.992191, 25.652840
25.113285, 25.562914
25.699223, 25.585632
25.992191, 25.653393
25.699223, 25.661032
25.992191, 25.716225
25.699223, 25.713390
25.699223, 25.711029
25.406254, 25.660233
25.992191, 25.715559
25.113285, 25.615179
25.699223, 25.629187
25.406254, 25.592031
25.406254, 25.561068
25.406254, 25.535265
25.992191, 25.611420
25.992191, 25.674881
25.113285, 25.581282
25.406254, 25.552111
25.699223, 25.576630
26.578129, 25.743546
25.113285, 25.638502
25.406254, 25.599794
25.113285, 25.518709
24.820316, 25.402309
25.406254, 25.402967
25.406254, 25.403515
25.406254, 25.403971
25.406254, 25.404352
24.527348, 25.258184
25.699223, 25.331692
25.699223, 25.392946
25.699223, 25.443993
25.699223, 25.486530
25.406254, 25.473150
26.578129, 25.657314
25.699223, 25.664299
25.699223, 25.670120
25.699223, 25.674971
26.285160, 25.776669
25.992191, 25.812590
25.406254, 25.744867
25.699223, 25.737259
25.699223, 25.730919
25.699223, 25.725636
25.992191, 25.770061
25.992191, 25.807083
26.578129, 25.935591
24.820316, 25.749712
24.527348, 25.545984
25.699223, 25.571524
26.285160, 25.690464
24.527348, 25.496611
25.992191, 25.579208
25.699223, 25.599211
25.992191, 25.664707
25.406254, 25.621632
25.992191, 25.683392
26.871098, 25.881342
25.699223, 25.850988
25.992191, 25.874523
25.406254, 25.796478
26.285160, 25.877926
25.699223, 25.848143
25.992191, 25.872150
25.992191, 25.892157
25.992191, 25.908829
25.992191, 25.922722
26.285160, 25.983128
26.578129, 26.082294
26.285160, 26.116106
26.578129, 26.193110
25.406254, 26.061966
25.992191, 26.050337
25.992191, 26.040646
25.699223, 25.983742
26.578129, 26.082806
25.992191, 26.067703
25.699223, 26.006290
25.699223, 25.955112
25.406254, 25.863636
25.992191, 25.885061
25.113285, 25.756432
25.406254, 25.698069
25.406254, 25.649433
26.578129, 25.804216
25.992191, 25.835546
25.699223, 25.812826
25.699223, 25.793892
25.406254, 25.729286
25.992191, 25.773104
24.820316, 25.614305
26.578129, 25.774942
25.699223, 25.762321
26.285160, 25.849461
25.699223, 25.824421
25.992191, 25.852383
26.285160, 25.924513
25.699223, 25.886965
25.992191, 25.904503
25.992191, 25.919117
25.699223, 25.882467
26.285160, 25.949583
26.578129, 26.054340
26.578129, 26.141638
25.699223, 26.067902
25.699223, 26.006454
25.992191, 26.004078
26.285160, 26.050924
25.992191, 26.041136
25.699223, 25.984150
25.406254, 25.887835
26.285160, 25.954056
25.992191, 25.960411
26.285160, 26.014536
25.992191, 26.010811
25.699223, 25.958879
25.699223, 25.915604
26.285160, 25.977196
25.699223, 25.930866
25.699223, 25.892260
25.699223, 25.860086
25.699223, 25.833275
26.285160, 25.908588
25.113285, 25.776037
25.699223, 25.763235
25.406254, 25.703737
25.992191, 25.751814
25.699223, 25.743048
26.285160, 25.833401
25.992191, 25.859865
25.992191, 25.881920
25.992191, 25.900299
25.699223, 25.866787
25.992191, 25.887688
25.992191, 25.905106
25.699223, 25.870792
25.699223, 25.842197
26.285160, 25.916025
26.285160, 25.977549
25.406254, 25.882332
25.113285, 25.754158
25.992191, 25.793831
25.113285, 25.680407
25.992191, 25.732370
26.285160, 25.824503
25.406254, 25.754795
26.578129, 25.892017
25.992191, 25.908712
25.699223, 25.873796
25.406254, 25.795872
26.285160, 25.877420
25.699223, 25.847721
25.992191, 25.871799
26.871098, 26.038349
26.578129, 26.128313
25.699223, 26.056797
25.113285, 25.899546
25.992191, 25.914988
26.871098, 26.074339
25.406254, 25.962992
25.992191, 25.967859
26.871098, 26.118399
25.699223, 26.048536
25.992191, 26.039145
25.113285, 25.884834
25.699223, 25.853899
25.992191, 25.876947
25.113285, 25.749670
26.578129, 25.887747
25.113285, 25.758669
26.871098, 25.944075
26.285160, 26.000923
26.285160, 26.048296
25.699223, 25.990116
25.699223, 25.941633
25.113285, 25.803576
26.285160, 25.883841
26.285160, 25.950727
25.992191, 25.957638
26.578129, 26.061052
25.699223, 26.000748
26.285160, 26.048149
25.992191, 26.038822
25.699223, 25.982222
25.992191, 25.983883
25.699223, 25.936440
25.699223, 25.896904
24.820316, 25.717472
25.699223, 25.714430
25.699223, 25.711895
25.992191, 25.758612
25.992191, 25.797543
26.285160, 25.878813
25.699223, 25.848881
26.578129, 25.970423
25.699223, 25.925222
25.699223, 25.887556
25.699223, 25.856167
25.406254, 25.781181
25.992191, 25.816349
26.578129, 25.943312
24.820316, 25.756145
26.285160, 25.844315
25.992191, 25.868961
25.699223, 25.840672
26.285160, 25.914753
25.406254, 25.830004
26.285160, 25.905863
26.578129, 26.017908
25.699223, 25.964794
25.699223, 25.920532
26.285160, 25.981304
25.699223, 25.934290
25.699223, 25.895111
25.992191, 25.911291
25.699223, 25.875946
25.699223, 25.846493
25.406254, 25.773119
25.992191, 25.809631
25.406254, 25.742401
26.578129, 25.881689
25.113285, 25.753622
25.699223, 25.744555
25.992191, 25.785828
25.699223, 25.771393
25.699223, 25.759365
25.406254, 25.700514
25.699223, 25.700298
26.578129, 25.846603
26.285160, 25.919697
26.285160, 25.980608
27.164066, 26.177851
25.113285, 26.000423
26.285160, 26.047880
25.406254, 25.940943
25.992191, 25.949484
26.285160, 26.005430
25.699223, 25.954395
25.992191, 25.960695
25.699223, 25.917116
25.113285, 25.783144
25.699223, 25.769157
25.699223, 25.757502
26.578129, 25.894274
25.699223, 25.861765
24.820316, 25.688190
26.285160, 25.787685
26.285160, 25.870598
25.406254, 25.793207
25.699223, 25.777542
25.406254, 25.715660
25.699223, 25.712921
25.699223, 25.710638
25.992191, 25.757565
25.699223, 25.747841
25.113285, 25.642082
25.699223, 25.651606
26.285160, 25.757198
25.992191, 25.796364
25.699223, 25.780174
25.992191, 25.815510
26.578129, 25.942614
25.699223, 25.902048
25.699223, 25.868244
25.992191, 25.888903
25.992191, 25.906118
26.578129, 26.018120
26.285160, 26.062626
25.992191, 26.050886
26.285160, 26.089931
25.406254, 25.975985
25.992191, 25.978685
26.578129, 26.078592
25.406254, 25.966536
25.992191, 25.970812
25.699223, 25.925547
25.699223, 25.887825
25.992191, 25.905220
25.406254, 25.822060
27.164066, 26.045727
27.164066, 26.232117
25.406254, 26.094473
25.992191, 26.077425
25.992191, 26.063219
25.992191, 26.051380
26.285160, 26.090343
25.699223, 26.025156
25.699223, 25.970833
26.871098, 26.120876
24.820316, 25.904116
27.164066, 26.114107
25.992191, 26.093788
26.285160, 26.125683
25.992191, 26.103434
25.406254, 25.987236
25.992191, 25.988062
25.992191, 25.988750
25.699223, 25.940496
25.406254, 25.851456
26.871098, 26.021397
26.285160, 26.065357
26.578129, 26.150820
25.113285, 25.977898
25.406254, 25.882624
25.699223, 25.852057
24.234379, 25.582443
25.992191, 25.650734
25.699223, 25.658815
26.871098, 25.860863
25.699223, 25.833923
25.699223, 25.811474
25.406254, 25.743937
25.992191, 25.785313
25.992191, 25.819792
25.992191, 25.848526
25.992191, 25.872471
25.699223, 25.843596
25.992191, 25.868362
25.992191, 25.889000
26.285160, 25.955027
25.699223, 25.912392
25.699223, 25.876863
25.406254, 25.798428
26.285160, 25.879549
25.992191, 25.898323
25.992191, 25.913967
24.820316, 25.731691
25.992191, 25.775108
25.406254, 25.713633
25.992191, 25.760059
25.406254, 25.701092
25.699223, 25.700781
25.406254, 25.651693
25.406254, 25.610786
24.820316, 25.479042
25.699223, 25.515739
25.113285, 25.448664
25.406254, 25.441595
25.992191, 25.533361
25.992191, 25.609833
25.406254, 25.575903
26.285160, 25.694113
25.992191, 25.743793
25.699223, 25.736364
24.820316, 25.583689
25.699223, 25.602945
25.113285, 25.521336
25.992191, 25.599812
25.699223, 25.616381
25.699223, 25.630188
26.578129, 25.788177
27.164066, 26.017492
25.699223, 25.964447
26.578129, 26.066727
25.406254, 25.956648
26.578129, 26.060228
25.406254, 25.951233
25.992191, 25.958059
24.527348, 25.719606
25.699223, 25.716209
25.992191, 25.762207
25.992191, 25.800537
25.992191, 25.832479
25.992191, 25.859098
26.285160, 25.930109
25.992191, 25.940456
25.992191, 25.949080
25.992191, 25.956264
25.699223, 25.913424
25.992191, 25.926552
25.699223, 25.888664
25.406254, 25.808262
25.699223, 25.790089
26.285160, 25.872601
25.699223, 25.843704
24.820316, 25.673140
25.992191, 25.726315
25.699223, 25.721800
26.578129, 25.864521
26.285160, 25.934628
26.285160, 25.993050
25.992191, 25.992907
26.578129, 26.090445
25.699223, 26.025240
26.578129, 26.117388
25.992191, 26.096521
25.992191, 26.079132
26.285160, 26.113470
26.871098, 26.239742
26.285160, 26.247313
25.699223, 26.155964
24.527348, 25.884527
26.578129, 26.000128
26.285160, 26.047634
25.992191, 26.038393
25.699223, 25.981865
26.871098, 26.130070
25.699223, 26.058262
25.992191, 26.047251
25.992191, 26.038074
26.578129, 26.128084
25.992191, 26.105434
25.992191, 26.086561
25.699223, 26.022005
25.992191, 26.017036
26.578129, 26.110552
25.992191, 26.090824
26.578129, 26.172041
25.699223, 26.093237
26.285160, 26.125225
26.285160, 26.151880
25.113285, 25.978781
25.992191, 25.981016
25.699223, 25.934050
24.820316, 25.748426
25.992191, 25.789055
25.699223, 25.774082
25.992191, 25.810434
26.285160, 25.889555
25.992191, 25.906662
25.406254, 25.823261
25.992191, 25.851416
25.406254, 25.777222
25.406254, 25.715393
25.992191, 25.761526
27.164066, 25.995283
25.992191, 25.994768
26.285160, 26.043167
25.699223, 25.985844
25.699223, 25.938074
26.285160, 25.995922
25.406254, 25.897644
25.113285, 25.766918
25.992191, 25.804464
25.113285, 25.689268
25.699223, 25.690928
25.992191, 25.741138
25.406254, 25.685324
25.113285, 25.589983
25.992191, 25.657019
25.992191, 25.712881
25.406254, 25.661776
26.578129, 25.814501
25.699223, 25.795288
25.406254, 25.730450
26.285160, 25.822901
25.699223, 25.802288
25.992191, 25.833939
25.113285, 25.713829
25.992191, 25.760223
25.406254, 25.701229
25.992191, 25.749723
27.164066, 25.985447
24.820316, 25.791258
26.578129, 25.922403
25.992191, 25.934034
26.285160, 25.992556
26.285160, 26.041323
25.992191, 26.033134
26.285160, 26.075138
25.992191, 26.061314
25.699223, 26.000965
26.285160, 26.048330
25.992191, 26.038973
25.992191, 26.031176
25.992191, 26.024677
24.820316, 25.823950
26.285160, 25.900818
25.992191, 25.916046
25.699223, 25.879910
26.871098, 26.045107
25.992191, 26.036287
25.992191, 26.028938
25.992191, 26.022814
25.113285, 25.871225
25.699223, 25.842558
25.992191, 25.867496
26.285160, 25.937107
26.285160, 25.995115
25.406254, 25.896971
26.871098, 26.059326
26.285160, 26.096966
25.699223, 26.030676
26.285160, 26.073090
25.992191, 26.059607
26.285160, 26.097198
26.285160, 26.128525
26.285160, 26.154631
26.578129, 26.225214
25.992191, 26.186377
25.113285, 26.007528
25.992191, 26.004972
26.285160, 26.051670
25.992191, 26.041758
25.406254, 25.935841
25.699223, 25.896404
26.285160, 25.961197
26.578129, 26.064018
27.164066, 26.247360
25.406254, 26.107176
25.992191, 26.088011
25.992191, 26.072041
25.699223, 26.009905
25.406254, 25.909296
26.285160, 25.971941
26.285160, 26.024145
26.285160, 26.067648
25.113285, 25.908587
25.699223, 25.873692
26.285160, 25.942270
27.164066, 26.145903
27.164066, 26.315598
25.992191, 26.261696
25.406254, 26.119122
25.992191, 26.097967
26.285160, 26.129166
25.113285, 25.959852
26.285160, 26.014071
25.699223, 25.961596
25.992191, 25.966696
25.406254, 25.873289
26.285160, 25.941935
25.699223, 25.901482
26.285160, 25.965427
26.578129, 26.067545
25.992191, 26.054985
25.699223, 25.995691
25.992191, 25.995108
25.699223, 25.945793
25.699223, 25.904697
25.406254, 25.821623
26.285160, 25.898880
25.699223, 25.865604
25.992191, 25.886702
25.699223, 25.855455
26.285160, 25.927073
25.406254, 25.840269
26.285160, 25.914417
25.113285, 25.780895
25.699223, 25.767282
25.699223, 25.755939
27.164066, 25.990627
25.992191, 25.990889
25.699223, 25.942278
25.992191, 25.950598
26.578129, 26.055187
25.992191, 26.044687
25.699223, 25.987110
26.285160, 26.036785
25.992191, 26.029352
26.871098, 26.169643
25.992191, 26.140068
25.406254, 26.017765
26.578129, 26.111158
26.285160, 26.140160
25.699223, 26.066669
25.406254, 25.956600
25.699223, 25.913704
27.164066, 26.122097
25.992191, 26.100447
25.699223, 26.033575
26.578129, 26.124334
25.992191, 26.102310
26.578129, 26.181614
26.578129, 26.247700
25.992191, 26.205114
25.699223, 26.120798
26.285160, 26.148191
26.285160, 26.171021
25.699223, 26.092388
26.578129, 26.173346
26.578129, 26.240810
26.285160, 26.248201
25.699223, 26.156704
25.992191, 26.129286
25.992191, 26.106436
25.992191, 26.087395
26.578129, 26.169184
26.285160, 26.188513
26.285160, 26.204620
26.285160, 26.218044
25.406254, 26.082747
25.992191, 26.067654
26.285160, 26.103905
26.871098, 26.231770
25.992191, 26.191839
26.285160, 26.207394
25.992191, 26.171526
26.285160, 26.190466
26.285160, 26.206249
25.992191, 26.170572
26.285160, 26.189671
26.285160, 26.205585
25.699223, 26.121191
26.285160, 26.148520
25.992191, 26.122465
25.406254, 26.003096
25.699223, 25.952450
26.285160, 26.007902
26.578129, 26.102940
25.699223, 26.035654
26.285160, 26.077238
26.578129, 26.160721
25.992191, 26.132633
26.285160, 26.158054
25.992191, 26.130411
25.992191, 26.107374
25.992191, 26.088177
25.699223, 26.023352
24.820316, 25.822845
25.699223, 25.802242
25.699223, 25.785072
26.285160, 25.868420
25.406254, 25.791391
26.578129, 25.922514
25.406254, 25.836470
26.285160, 25.911251
25.406254, 25.827085
25.699223, 25.805775
25.699223, 25.788015
25.113285, 25.675560
26.285160, 25.777161
25.699223, 25.764172
25.406254, 25.704519
26.285160, 25.801292
26.578129, 25.930765
25.992191, 25.941004
25.699223, 25.900707
25.699223, 25.867126
25.699223, 25.839142
25.406254, 25.766994
25.699223, 25.755699
25.699223, 25.746286
26.285160, 25.836100
25.699223, 25.813286
25.113285, 25.696619
25.992191, 25.745882
25.699223, 25.738106
25.699223, 25.731625
27.164066, 25.970366
25.699223, 25.925175
25.113285, 25.789860
26.285160, 25.872410
26.285160, 25.941202
25.406254, 25.852043
26.285160, 25.924229
25.992191, 25.935556
25.699223, 25.896168
26.285160, 25.961000
26.285160, 26.015028
25.113285, 25.864737
25.699223, 25.837151
25.992191, 25.862991
25.113285, 25.738041
26.578129, 25.878056
25.406254, 25.799421
26.285160, 25.880379
26.285160, 25.947842
24.820316, 25.759920
25.992191, 25.798632
25.992191, 25.830893
25.699223, 25.808947
25.406254, 25.741831
25.992191, 25.783558
25.699223, 25.769503
26.871098, 25.953102
26.578129, 26.057274
25.992191, 26.046427
25.992191, 26.037388
25.992191, 26.029856
25.406254, 25.925922
26.285160, 25.985796
25.699223, 25.938034
25.406254, 25.849403
26.285160, 25.922029
25.699223, 25.884895
25.406254, 25.805122
25.406254, 25.738644
25.406254, 25.683245
25.699223, 25.685907
25.113285, 25.590469
25.992191, 25.657423
26.285160, 25.762047
26.871098, 25.946888
25.992191, 25.954439
25.699223, 25.911903
26.285160, 25.974113
25.992191, 25.977127
25.992191, 25.979637
25.406254, 25.884073
25.992191, 25.902094
24.527348, 25.672970
26.285160, 25.775002
25.992191, 25.811199
25.406254, 25.743708
25.992191, 25.785122
25.699223, 25.770805
25.406254, 25.710047
25.992191, 25.757071
26.285160, 25.845085
26.578129, 25.967258
26.578129, 26.069071
26.578129, 26.153913
25.699223, 26.078131
26.285160, 26.112637
25.699223, 26.043734
26.285160, 26.083971
25.992191, 26.068674
26.285160, 26.104755
26.285160, 26.134823
25.699223, 26.062223
25.992191, 26.050550
26.285160, 26.089653
25.699223, 26.024582
26.285160, 26.068012
26.285160, 26.104204
25.992191, 26.085535
26.285160, 26.118807
25.992191, 26.097704
26.578129, 26.177774
25.992191, 26.146843
26.578129, 26.218723
25.992191, 26.180967
26.285160, 26.198334
26.285160, 26.212805
25.992191, 26.176035
25.992191, 26.145393
26.578129, 26.217516
25.406254, 26.082306
25.992191, 26.067287
26.285160, 26.103600
25.699223, 26.036203
25.699223, 25.980040
25.699223, 25.933237
26.285160, 25.991892
25.406254, 25.894285
25.992191, 25.910603
25.406254, 25.826544
26.285160, 25.902981
25.992191, 25.917849
25.406254, 25.832582
25.992191, 25.859184
26.285160, 25.930180
26.285160, 25.989344
26.285160, 26.038647
25.406254, 25.933249
25.113285, 25.796587
25.992191, 25.829187
25.406254, 25.758698
26.578129, 25.895269
25.699223, 25.862595
25.992191, 25.884193
26.285160, 25.951021
26.871098, 26.104368
26.285160, 26.134501
25.699223, 26.061954
26.285160, 26.099155
25.992191, 26.081327
25.699223, 26.017643
25.992191, 26.013401
26.285160, 26.058695
26.578129, 26.145267
26.578129, 26.217411
24.527348, 25.935734
25.699223, 25.896315
25.992191, 25.912294
25.992191, 25.925611
25.992191, 25.936708
26.285160, 25.994783
25.992191, 25.994350
26.285160, 26.042818
25.113285, 25.887896
25.699223, 25.856449
25.406254, 25.781416
25.699223, 25.767717
26.578129, 25.902786
26.871098, 26.064171
26.578129, 26.149830
25.992191, 26.123556
25.992191, 26.101662
26.285160, 26.132244
25.699223, 26.060074
25.406254, 25.951103
26.285160, 26.006779
25.992191, 26.004347
26.285160, 26.051149
25.406254, 25.943666
26.285160, 26.000582
25.113285, 25.852699
26.578129, 25.973604
25.992191, 25.976702
25.406254, 25.881626
25.699223, 25.851225
25.699223, 25.825891
25.113285, 25.707123
25.699223, 25.705807
25.992191, 25.753538
25.406254, 25.695658
26.285160, 25.793909
25.699223, 25.778128
25.699223, 25.764977
26.871098, 25.949329
25.992191, 25.956472
26.285160, 26.011253
26.578129, 26.105732
25.992191, 26.086809
26.285160, 26.119867
26.285160, 26.147417
25.992191, 26.121546
26.285160, 26.148815
26.578129, 26.220367
25.699223, 26.133511
25.406254, 26.012300
25.406254, 25.911293
25.992191, 25.924776
24.527348, 25.691872
26.578129, 25.839581
26.578129, 25.962671
25.992191, 25.967592
26.285160, 26.020521
27.164066, 26.211113
26.285160, 26.223454
26.285160, 26.233738
25.113285, 26.046995
25.992191, 26.037861
25.992191, 26.030249
26.285160, 26.072735
26.285160, 26.108139
26.285160, 26.137642
26.871098, 26.259884
25.992191, 26.215269
24.527348, 25.933949
25.699223, 25.894827
26.285160, 25.959883
26.285160, 26.014095
24.820316, 25.815132
25.992191, 25.844643
26.285160, 25.918062
25.699223, 25.881588
25.992191, 25.900023
25.699223, 25.866556
25.406254, 25.789839
25.992191, 25.823565
26.578129, 25.949326
25.406254, 25.858814
26.578129, 25.978701
26.285160, 26.029778
25.699223, 25.974686
27.164066, 26.172916
25.699223, 26.093967
26.578129, 26.174662
25.699223, 26.095421
25.992191, 26.078217
26.578129, 26.161535
25.406254, 26.035654
26.578129, 26.126066
25.992191, 26.103754
24.820316, 25.889847
26.285160, 25.955732
25.406254, 25.864153
26.285160, 25.934320
25.406254, 25.846310
25.992191, 25.870623
24.820316, 25.695572
25.992191, 25.745008
25.992191, 25.786205
24.527348, 25.576395
26.285160, 25.694523
25.992191, 25.744135
25.992191, 25.785479
25.992191, 25.819931
25.406254, 25.750984
24.820316, 25.595873
25.992191, 25.661926
26.285160, 25.765799
25.113285, 25.657045
25.113285, 25.566418
25.406254, 25.539724
25.113285, 25.468651
26.285160, 25.604736
25.699223, 25.620483
25.992191, 25.682434
25.992191, 25.734060
25.992191, 25.777082
25.992191, 25.812935
26.285160, 25.891640
25.699223, 25.859570
25.406254, 25.784018
25.992191, 25.818714
25.992191, 25.847628
25.699223, 25.822893
26.285160, 25.899939
25.992191, 25.915314
25.699223, 25.879299
25.992191, 25.898115
26.285160, 25.962624
25.992191, 25.967552
26.285160, 26.020487
25.992191, 26.015770
25.406254, 25.914185
26.285160, 25.976013
25.992191, 25.978710
25.406254, 25.883301
25.992191, 25.901449
25.699223, 25.867744
25.699223, 25.839657
25.699223, 25.816252
25.113285, 25.699091
26.578129, 25.845598
25.113285, 25.723545
24.820316, 25.573008
25.992191, 25.642872
25.992191, 25.701092
25.699223, 25.700781
26.578129, 25.847006
25.699223, 25.822374
26.871098, 25.997162
25.699223, 25.947506
25.699223, 25.906126
25.699223, 25.871641
25.992191, 25.891733
25.699223, 25.859648
26.578129, 25.979395
26.578129, 26.079184
26.578129, 26.162342
26.578129, 26.231640
25.992191, 26.191732
25.992191, 26.158476
25.992191, 26.130762
26.578129, 26.205324
25.699223, 26.120974
26.578129, 26.197166
26.285160, 26.211832
26.285160, 26.224054
25.406254, 26.087753
25.992191, 26.071827
25.992191, 26.058554
25.992191, 26.047493
26.871098, 26.184761
25.992191, 26.152666
25.406254, 26.028263
26.871098, 26.168736
25.699223, 26.090483
25.992191, 26.074100
25.992191, 26.060450
26.871098, 26.195559
25.406254, 26.064007
26.285160, 26.100866
26.285160, 26.131582
25.406254, 26.010695
27.750004, 26.300579
26.285160, 26.298010
26.285160, 26.295868
25.699223, 26.196426
26.578129, 26.260044
26.285160, 26.264231
25.699223, 26.170063
25.113285, 25.993933
25.992191, 25.993643
25.992191, 25.993401
26.285160, 26.042027
25.406254, 25.936064
25.699223, 25.896589
26.578129, 26.010180
25.406254, 25.909525
26.578129, 26.020960
26.578129, 26.113821
27.164066, 26.288862
25.992191, 26.239416
26.578129, 26.295868
26.285160, 26.294083
26.285160, 26.292595
25.699223, 26.193699
26.578129, 26.257771
25.699223, 26.164679
26.871098, 26.282415
25.992191, 26.234045
26.578129, 26.291393
26.285160, 26.290354
25.699223, 26.191832
25.699223, 26.109730
25.992191, 26.090139
25.406254, 25.976158
26.285160, 26.027658
26.285160, 26.070576
25.992191, 26.057512
25.406254, 25.948969
26.578129, 26.053829
25.406254, 25.945900
25.992191, 25.953615
24.234379, 25.667076
25.406254, 25.623606
25.992191, 25.685038
25.113285, 25.589745
25.992191, 25.656818
26.578129, 25.810369
25.992191, 25.840673
25.992191, 25.865927
25.992191, 25.886971
25.992191, 25.904507
25.699223, 25.870293
25.992191, 25.890610
25.113285, 25.761055
25.992191, 25.799578
25.992191, 25.831680
25.406254, 25.760777
25.992191, 25.799345
25.699223, 25.782658
25.992191, 25.817579
25.699223, 25.797853
25.113285, 25.683758
25.992191, 25.735163
25.699223, 25.729172
25.992191, 25.773008
26.285160, 25.858368
25.113285, 25.734188
25.113285, 25.630705
25.699223, 25.642124
26.578129, 25.798124
25.699223, 25.781641
26.578129, 25.914389
25.406254, 25.829699
25.992191, 25.856781
25.992191, 25.879349
25.699223, 25.849327
25.113285, 25.726654
25.699223, 25.722082
26.285160, 25.815929
25.992191, 25.845306
26.285160, 25.918615
25.699223, 25.882050
25.699223, 25.851578
25.992191, 25.875013
25.992191, 25.894543
25.406254, 25.813162
26.285160, 25.891829
26.578129, 26.006212
25.406254, 25.906219
25.992191, 25.920547
25.992191, 25.932487
25.406254, 25.844782
25.992191, 25.869350
25.699223, 25.840996
25.406254, 25.768539
26.578129, 25.903471
25.992191, 25.918259
24.820316, 25.735268
25.992191, 25.778088
25.699223, 25.764944
25.992191, 25.802818
25.992191, 25.834381
25.992191, 25.860683
25.699223, 25.833773
26.285160, 25.909004
26.578129, 26.020525
25.699223, 25.966974
25.406254, 25.873520
25.406254, 25.795643
26.285160, 25.877230
26.285160, 25.945219
25.699223, 25.904219
25.699223, 25.870052
25.992191, 25.890409
25.992191, 25.907373
25.992191, 25.921511
25.992191, 25.933290
26.578129, 26.040764
25.992191, 26.032669
25.992191, 26.025923
25.992191, 26.020300
26.578129, 26.113272
25.992191, 26.093092
25.406254, 25.978619
26.285160, 26.029709
25.406254, 25.925800
25.406254, 25.839209
26.285160, 25.913534
25.992191, 25.926643
26.285160, 25.986397
26.285160, 26.036190
25.406254, 25.931200
26.578129, 26.039022
26.285160, 26.080046
27.750004, 26.358372
25.699223, 26.248514
24.527348, 25.961653
26.578129, 26.064400
25.992191, 26.052364
25.992191, 26.042336
26.578129, 26.131634
25.992191, 26.108393
25.992191, 26.089025
25.699223, 26.024057
26.578129, 26.116404
25.992191, 26.095701
25.992191, 26.078449
25.992191, 26.064074
25.699223, 26.003265
25.699223, 25.952591
25.992191, 25.959190
25.699223, 25.915863
25.992191, 25.928585
26.578129, 26.036842
26.578129, 26.127056
26.285160, 26.153406
25.992191, 26.126537
26.285160, 26.152975
27.164066, 26.321491
25.406254, 26.168951
25.992191, 26.139490
25.406254, 26.017284
25.406254, 25.915445
26.871098, 26.074720
25.699223, 26.012136
25.699223, 25.959984
26.285160, 26.014179
26.285160, 26.059343
24.820316, 25.852839
26.871098, 26.022549
25.699223, 25.968660
25.406254, 25.874926
25.699223, 25.845642
25.113285, 25.723583
25.406254, 25.670694
25.699223, 25.675449
25.699223, 25.679411
25.113285, 25.585056
25.992191, 25.652912
25.699223, 25.660631
25.992191, 25.715891
25.992191, 25.761942
25.699223, 25.751488
25.113285, 25.645121
26.285160, 25.751795
25.699223, 25.743032
25.406254, 25.686903
25.699223, 25.688957
26.578129, 25.837152
25.992191, 25.862993
25.406254, 25.786869
25.406254, 25.723433
25.699223, 25.719397
26.285160, 25.813690
26.285160, 25.892269
25.113285, 25.762438
26.578129, 25.898386
25.699223, 25.865192
25.699223, 25.837530
26.285160, 25.912136
25.699223, 25.876650
25.406254, 25.798250
26.285160, 25.879402
26.578129, 25.995857
25.406254, 25.897591
26.578129, 26.011013
25.992191, 26.007875
26.285160, 26.054090
26.285160, 26.092602
26.285160, 26.124695
26.871098, 26.249096
26.285160, 26.255106
26.578129, 26.308943
25.992191, 26.256151
26.285160, 26.260986
25.113285, 26.069702
25.406254, 25.959127
26.285160, 26.013466
25.699223, 25.961092
26.285160, 26.015104
26.285160, 26.060114
26.285160, 26.097622
26.285160, 26.128878
25.406254, 26.008440
25.992191, 26.005732
25.992191, 26.003475
26.578129, 26.099251
25.992191, 26.081408
25.113285, 25.920053
25.992191, 25.932077
25.699223, 25.893269
25.992191, 25.909756
26.285160, 25.972322
25.699223, 25.926805
25.406254, 25.840046
26.871098, 26.011889
25.406254, 25.910950
25.699223, 25.875662
26.285160, 25.943913
25.992191, 25.951960
25.992191, 25.958666
26.285160, 26.013083
26.285160, 26.058430
26.871098, 26.193874
25.699223, 26.111433
25.699223, 26.042730
27.750004, 26.327276
25.992191, 26.271429
24.527348, 25.980749
26.285160, 26.031485
26.285160, 26.073765
25.113285, 25.913685
25.992191, 25.926769
26.871098, 26.084158
25.992191, 26.068830
25.992191, 26.056057
26.285160, 26.094240
26.285160, 26.126060
26.578129, 26.201405
26.285160, 26.215364
25.992191, 26.178169
25.992191, 26.147173
26.871098, 26.267828
26.285160, 26.270718
26.578129, 26.321953
25.992191, 26.266993
25.699223, 26.172363
25.699223, 26.093506
25.992191, 26.076620
25.992191, 26.062548
25.699223, 26.001993
26.285160, 26.049189
25.406254, 25.942032
25.992191, 25.950392
26.285160, 26.006187
25.992191, 26.003855
25.699223, 25.953083
26.285160, 26.008429
26.285160, 26.054550
25.992191, 26.044157
25.992191, 26.035496
26.285160, 26.077106
26.578129, 26.160610
26.285160, 26.181368
26.285160, 26.198668
25.992191, 26.164255
25.699223, 26.086750
25.992191, 26.070990
25.992191, 26.057856
25.992191, 26.046911
26.285160, 26.086620
27.750004, 26.363852
26.285160, 26.350737
26.285160, 26.339808
26.578129, 26.379528
25.992191, 26.314972
24.820316, 26.065863
27.164066, 26.248898
26.578129, 26.303770
25.406254, 26.154184
26.285160, 26.176014
26.285160, 26.194204
26.578129, 26.258192
25.992191, 26.213858
25.113285, 26.030428
25.992191, 26.024055
25.992191, 26.018745
26.578129, 26.111977
25.992191, 26.092012
25.699223, 26.026546
25.992191, 26.020821
25.992191, 26.016048
25.992191, 26.012072
26.285160, 26.057587
25.992191, 26.046688
25.992191, 26.037605
25.113285, 25.883553
26.285160, 25.950487
25.406254, 25.859781
26.578129, 25.979506
25.992191, 25.981621
25.699223, 25.934555
25.992191, 25.944160
24.820316, 25.756853
25.992191, 25.796076
25.699223, 25.779934
25.113285, 25.668825
25.992191, 25.722719
25.992191, 25.767632
25.113285, 25.658573
26.578129, 25.811832
25.992191, 25.841892
25.699223, 25.818113
26.285160, 25.895954
27.164066, 26.107306
25.992191, 26.088120
26.578129, 26.169788
26.578129, 26.237844
24.820316, 26.001589
25.992191, 26.000023
25.406254, 25.901062
26.578129, 26.013906
26.578129, 26.107944
26.871098, 26.235136
26.578129, 26.292301
26.578129, 26.339939
26.578129, 26.379637
24.820316, 26.119749
25.992191, 26.098490
26.285160, 26.129602
26.285160, 26.155529
25.699223, 26.079477
26.285160, 26.113758
26.285160, 26.142324
25.992191, 26.117302
25.992191, 26.096451
26.285160, 26.127903
25.992191, 26.105284
25.699223, 26.037607
25.699223, 25.981209
25.699223, 25.934212
25.992191, 25.943874
24.820316, 25.756615
25.113285, 25.649393
25.992191, 25.706526
25.992191, 25.754137
26.578129, 25.891470
25.992191, 25.908257
25.699223, 25.873417
26.285160, 25.942041
25.992191, 25.950399
25.992191, 25.957365
26.285160, 26.011997
25.699223, 25.959867
25.406254, 25.867598
26.285160, 25.937191
26.578129, 26.044014
25.992191, 26.035378
25.992191, 26.028179
26.578129, 26.119837
25.699223, 26.049734
26.285160, 26.088972
26.578129, 26.170498
25.113285, 25.994295
25.992191, 25.993944
26.578129, 26.091309
25.992191, 26.074789
26.285160, 26.109852
26.285160, 26.139071
25.406254, 26.016933
26.578129, 26.110466
26.285160, 26.139582
24.820316, 25.919704
26.285160, 25.980614
26.871098, 26.129028
25.113285, 25.959738
25.992191, 25.965147
27.750004, 26.262623
25.406254, 26.119894
26.578129, 26.196266
26.578129, 26.259911
25.406254, 26.117634
25.406254, 25.999071
25.113285, 25.851440
25.699223, 25.826071
25.992191, 25.853758
25.113285, 25.730345
26.871098, 25.920471
25.699223, 25.883596
25.992191, 25.901695
25.699223, 25.867950
25.992191, 25.888657
25.406254, 25.808256
25.406254, 25.741255
25.992191, 25.783077
26.578129, 25.915586
26.285160, 25.977182
26.285160, 26.028513
26.285160, 26.071287
26.285160, 26.106934
26.578129, 26.185467
25.699223, 26.104425
25.992191, 26.085720
26.285160, 26.118959
25.992191, 26.097832
26.285160, 26.129053
25.992191, 26.106243
25.113285, 25.940750
25.992191, 25.949324
25.992191, 25.956469
26.285160, 26.011251
25.992191, 26.008074
25.992191, 26.005426
25.406254, 25.905563
25.406254, 25.822346
25.992191, 25.850653
25.113285, 25.727758
26.285160, 25.820660
25.992191, 25.849249
25.113285, 25.726587
26.285160, 25.819683
26.285160, 25.897263
25.406254, 25.815428
25.992191, 25.844889
27.164066, 26.064753
25.992191, 26.052658
25.699223, 25.993752
25.699223, 25.944664
26.285160, 26.001413
26.578129, 26.097532
25.406254, 25.982319
24.820316, 25.788652
25.992191, 25.822577
26.578129, 25.948502
25.992191, 25.955784
25.992191, 25.961851
25.699223, 25.918079
26.578129, 26.028088
25.406254, 25.924448
25.992191, 25.935740
25.406254, 25.847492
25.699223, 25.822781
25.992191, 25.851015
26.578129, 25.972200
26.285160, 26.024361
25.699223, 25.970171
26.578129, 26.071497
26.578129, 26.155935
26.871098, 26.275129
26.285160, 26.276802
26.578129, 26.327023
25.992191, 26.271217
25.992191, 26.224712
25.699223, 26.137131
25.992191, 26.112974
25.992191, 26.092844
25.992191, 26.076069
26.285160, 26.110918
25.992191, 26.091129
25.992191, 26.074640
26.578129, 26.158556
26.285160, 26.179657
25.992191, 26.148413
26.285160, 26.171204
26.285160, 26.190197
25.113285, 26.010712
25.992191, 26.007626
25.992191, 26.005053
25.699223, 25.954081
26.871098, 26.106916
25.992191, 26.087795
26.578129, 26.169518
26.578129, 26.237619
26.285160, 26.245543
25.113285, 26.056833
26.285160, 26.094889
26.871098, 26.224257
24.820316, 25.990267
26.871098, 26.137072
25.992191, 26.112925
25.992191, 26.092802
25.992191, 26.076033
25.699223, 26.013231
25.992191, 26.009724
26.578129, 26.104458
25.406254, 25.988091
26.285160, 26.037601
26.285160, 26.078861
25.992191, 26.064417
25.992191, 26.052380
26.578129, 26.140005
26.285160, 26.164198
26.285160, 26.184359
25.699223, 26.103502
26.285160, 26.133780
25.699223, 26.061354
25.992191, 26.049826
26.578129, 26.137877
25.992191, 26.113596
26.285160, 26.142191
25.992191, 26.117191
26.285160, 26.145185
25.699223, 26.070858
25.992191, 26.057747
25.992191, 26.046822
25.992191, 26.037716
24.820316, 25.834816
25.992191, 25.861046
26.285160, 25.931732
26.871098, 26.088293
25.992191, 26.072275
26.285160, 26.107756
26.871098, 26.234980
25.699223, 26.145687
25.406254, 26.022448
25.699223, 25.968576
25.992191, 25.972513
26.285160, 26.024622
26.871098, 26.165701
25.113285, 25.990297
25.992191, 25.990614
27.164066, 26.186190
27.164066, 26.349169
25.699223, 26.240845
26.285160, 26.248230
26.285160, 26.254385
25.992191, 26.210686
25.992191, 26.174271
25.992191, 26.143925
26.578129, 26.216291
25.992191, 26.178942
25.992191, 26.147816
25.699223, 26.073050
25.992191, 26.059572
25.699223, 25.999514
25.992191, 25.998293
25.992191, 25.997276
25.699223, 25.947601
26.578129, 26.052689
25.113285, 25.896122
26.578129, 26.009790
26.285160, 26.055685
25.992191, 26.045103
26.285160, 26.085114
25.699223, 26.020798
26.285160, 26.064857
25.992191, 26.052746
26.285160, 26.091482
25.699223, 26.026106
25.699223, 25.971624
26.285160, 26.023880
25.992191, 26.018599
25.992191, 26.014196
25.992191, 26.010529
25.699223, 25.958645

